#Wvlgth,Global_tilted_irradiance,Beam_normal_+circumsolar,Difuse_horiz-circumsolar
.2800E+03,.3690E-19,.2556E-25,.4088E-19
.2805E+03,.9572E-18,.1100E-23,.1060E-17
.2810E+03,.4403E-17,.6167E-23,.4878E-17
.2815E+03,.2767E-18,.2767E-21,.3063E-18
.2820E+03,.1276E-17,.2852E-20,.1411E-17
.2825E+03,.3829E-17,.1335E-19,.4227E-17
.2830E+03,.1260E-16,.6799E-19,.1388E-16
.2835E+03,.2202E-16,.1469E-18,.2424E-16
.2840E+03,.3242E-15,.5010E-17,.3537E-15
.2845E+03,.9819E-15,.2172E-16,.1064E-14
.2850E+03,.2976E-14,.9039E-16,.3199E-14
.2855E+03,.1424E-13,.6470E-15,.1507E-13
.2860E+03,.4395E-13,.2359E-14,.4613E-13
.2865E+03,.2509E-12,.1853E-13,.2578E-12
.2870E+03,.7830E-12,.7280E-13,.7885E-12
.2875E+03,.2978E-11,.3675E-12,.2901E-11
.2880E+03,.1265E-10,.2816E-11,.1096E-10
.2885E+03,.3721E-10,.9092E-11,.3136E-10
.2890E+03,.1311E-09,.3508E-10,.1072E-09
.2895E+03,.5256E-09,.1541E-09,.4153E-09
.2900E+03,.1637E-08,.5158E-09,.1254E-08
.2905E+03,.3987E-08,.1333E-08,.2971E-08
.2910E+03,.1095E-07,.3905E-08,.7895E-08
.2915E+03,.3772E-07,.1446E-07,.2612E-07
.2920E+03,.1015E-06,.4087E-07,.6810E-07
.2925E+03,.1723E-06,.7054E-07,.1144E-06
.2930E+03,.3810E-06,.1579E-06,.2509E-06
.2935E+03,.1138E-05,.4718E-06,.7488E-06
.2940E+03,.2298E-05,.9470E-06,.1519E-05
.2945E+03,.3329E-05,.1599E-05,.1954E-05
.2950E+03,.6893E-05,.3229E-05,.4135E-05
.2955E+03,.1813E-04,.8032E-05,.1137E-04
.2960E+03,.2861E-04,.1475E-04,.1570E-04
.2965E+03,.4505E-04,.2334E-04,.2460E-04
.2970E+03,.6398E-04,.3322E-04,.3485E-04
.2975E+03,.1313E-03,.6798E-04,.7177E-04
.2980E+03,.2163E-03,.1114E-03,.1188E-03
.2985E+03,.2789E-03,.1428E-03,.1540E-03
.2990E+03,.4000E-03,.2034E-03,.2226E-03
.2995E+03,.7523E-03,.3741E-03,.4276E-03
.3000E+03,.9289E-03,.4564E-03,.5339E-03
.3005E+03,.1182E-02,.5722E-03,.6890E-03
.3010E+03,.1962E-02,.9194E-03,.1176E-02
.3015E+03,.2911E-02,.1320E-02,.1792E-02
.3020E+03,.3260E-02,.1457E-02,.2030E-02
.3025E+03,.4803E-02,.2191E-02,.2942E-02
.3030E+03,.7977E-02,.3733E-02,.4784E-02
.3035E+03,.1011E-01,.4804E-02,.5985E-02
.3040E+03,.1067E-01,.5097E-02,.6288E-02
.3045E+03,.1351E-01,.6466E-02,.7947E-02
.3050E+03,.1870E-01,.8932E-02,.1102E-01
.3055E+03,.2132E-01,.1018E-01,.1256E-01
.3060E+03,.2117E-01,.1015E-01,.1243E-01
.3065E+03,.2409E-01,.1156E-01,.1413E-01
.3070E+03,.3191E-01,.1524E-01,.1880E-01
.3075E+03,.4098E-01,.1946E-01,.2426E-01
.3080E+03,.4352E-01,.2075E-01,.2567E-01
.3085E+03,.4771E-01,.2274E-01,.2816E-01
.3090E+03,.5004E-01,.2229E-01,.3122E-01
.3095E+03,.5184E-01,.2366E-01,.3172E-01
.3100E+03,.6017E-01,.2782E-01,.3644E-01
.3105E+03,.7689E-01,.3586E-01,.4622E-01
.3110E+03,.9632E-01,.4537E-01,.5741E-01
.3115E+03,.9722E-01,.4614E-01,.5758E-01
.3120E+03,.1060E+00,.5088E-01,.6214E-01
.3125E+03,.1111E+00,.5374E-01,.6465E-01
.3130E+03,.1197E+00,.5830E-01,.6928E-01
.3135E+03,.1205E+00,.5897E-01,.6941E-01
.3140E+03,.1324E+00,.6524E-01,.7581E-01
.3145E+03,.1423E+00,.7044E-01,.8114E-01
.3150E+03,.1481E+00,.7365E-01,.8401E-01
.3155E+03,.1295E+00,.6480E-01,.7300E-01
.3160E+03,.1335E+00,.6705E-01,.7506E-01
.3165E+03,.1611E+00,.8108E-01,.9039E-01
.3170E+03,.1838E+00,.9297E-01,.1026E+00
.3175E+03,.1959E+00,.9966E-01,.1087E+00
.3180E+03,.1878E+00,.9576E-01,.1039E+00
.3185E+03,.1964E+00,.1000E+00,.1088E+00
.3190E+03,.2152E+00,.1097E+00,.1191E+00
.3195E+03,.2074E+00,.1069E+00,.1136E+00
.3200E+03,.2176E+00,.1127E+00,.1184E+00
.3205E+03,.2574E+00,.1330E+00,.1405E+00
.3210E+03,.2605E+00,.1341E+00,.1428E+00
.3215E+03,.2480E+00,.1281E+00,.1354E+00
.3220E+03,.2328E+00,.1219E+00,.1253E+00
.3225E+03,.2275E+00,.1196E+00,.1219E+00
.3230E+03,.2212E+00,.1162E+00,.1186E+00
.3235E+03,.2608E+00,.1339E+00,.1432E+00
.3240E+03,.2883E+00,.1484E+00,.1577E+00
.3245E+03,.2978E+00,.1546E+00,.1616E+00
.3250E+03,.2902E+00,.1549E+00,.1528E+00
.3255E+03,.3361E+00,.1792E+00,.1772E+00
.3260E+03,.3982E+00,.2086E+00,.2140E+00
.3265E+03,.4233E+00,.2215E+00,.2276E+00
.3270E+03,.4144E+00,.2182E+00,.2214E+00
.3275E+03,.4013E+00,.2127E+00,.2129E+00
.3280E+03,.3691E+00,.1976E+00,.1936E+00
.3285E+03,.3871E+00,.2066E+00,.2037E+00
.3290E+03,.4373E+00,.2328E+00,.2307E+00
.3295E+03,.4846E+00,.2585E+00,.2551E+00
.3300E+03,.4878E+00,.2618E+00,.2551E+00
.3305E+03,.4448E+00,.2409E+00,.2301E+00
.3310E+03,.4190E+00,.2282E+00,.2154E+00
.3315E+03,.4336E+00,.2362E+00,.2228E+00
.3320E+03,.4505E+00,.2449E+00,.2320E+00
.3325E+03,.4528E+00,.2464E+00,.2329E+00
.3330E+03,.4431E+00,.2425E+00,.2264E+00
.3335E+03,.4213E+00,.2325E+00,.2131E+00
.3340E+03,.4295E+00,.2381E+00,.2161E+00
.3345E+03,.4591E+00,.2542E+00,.2313E+00
.3350E+03,.4777E+00,.2646E+00,.2405E+00
.3355E+03,.4781E+00,.2588E+00,.2472E+00
.3360E+03,.4382E+00,.2380E+00,.2257E+00
.3365E+03,.3937E+00,.2208E+00,.1951E+00
.3370E+03,.3855E+00,.2175E+00,.1897E+00
.3375E+03,.4133E+00,.2342E+00,.2022E+00
.3380E+03,.4468E+00,.2530E+00,.2188E+00
.3385E+03,.4767E+00,.2653E+00,.2384E+00
.3390E+03,.4823E+00,.2708E+00,.2386E+00
.3395E+03,.4958E+00,.2783E+00,.2453E+00
.3400E+03,.5163E+00,.2964E+00,.2483E+00
.3405E+03,.5150E+00,.2966E+00,.2467E+00
.3410E+03,.4909E+00,.2791E+00,.2390E+00
.3415E+03,.4839E+00,.2783E+00,.2320E+00
.3420E+03,.5033E+00,.2910E+00,.2397E+00
.3425E+03,.5210E+00,.3028E+00,.2464E+00
.3430E+03,.5312E+00,.3084E+00,.2515E+00
.3435E+03,.5035E+00,.2923E+00,.2385E+00
.3440E+03,.4300E+00,.2534E+00,.1996E+00
.3445E+03,.4213E+00,.2442E+00,.1998E+00
.3450E+03,.4737E+00,.2784E+00,.2205E+00
.3455E+03,.5028E+00,.2974E+00,.2320E+00
.3460E+03,.4897E+00,.2911E+00,.2243E+00
.3465E+03,.4980E+00,.2973E+00,.2267E+00
.3470E+03,.5076E+00,.3030E+00,.2312E+00
.3475E+03,.4906E+00,.2933E+00,.2228E+00
.3480E+03,.4865E+00,.2929E+00,.2187E+00
.3485E+03,.4937E+00,.2986E+00,.2203E+00
.3490E+03,.4751E+00,.2884E+00,.2109E+00
.3495E+03,.4880E+00,.2970E+00,.2158E+00
.3500E+03,.5388E+00,.3289E+00,.2371E+00
.3505E+03,.5790E+00,.3545E+00,.2537E+00
.3510E+03,.5640E+00,.3458E+00,.2466E+00
.3515E+03,.5454E+00,.3337E+00,.2392E+00
.3520E+03,.5306E+00,.3265E+00,.2306E+00
.3525E+03,.5002E+00,.3093E+00,.2157E+00
.3530E+03,.5308E+00,.3295E+00,.2275E+00
.3535E+03,.5832E+00,.3633E+00,.2486E+00
.3540E+03,.6161E+00,.3850E+00,.2613E+00
.3545E+03,.6228E+00,.3902E+00,.2630E+00
.3550E+03,.6230E+00,.3911E+00,.2621E+00
.3555E+03,.6012E+00,.3785E+00,.2518E+00
.3560E+03,.5639E+00,.3560E+00,.2350E+00
.3565E+03,.5288E+00,.3347E+00,.2194E+00
.3570E+03,.4650E+00,.2951E+00,.1921E+00
.3575E+03,.4704E+00,.2993E+00,.1935E+00
.3580E+03,.4376E+00,.2792E+00,.1791E+00
.3585E+03,.4062E+00,.2598E+00,.1655E+00
.3590E+03,.4778E+00,.3063E+00,.1939E+00
.3595E+03,.5760E+00,.3699E+00,.2331E+00
.3600E+03,.6090E+00,.3921E+00,.2453E+00
.3605E+03,.5753E+00,.3714E+00,.2306E+00
.3610E+03,.5292E+00,.3426E+00,.2112E+00
.3615E+03,.5183E+00,.3362E+00,.2059E+00
.3620E+03,.5433E+00,.3533E+00,.2149E+00
.3625E+03,.5950E+00,.3878E+00,.2344E+00
.3630E+03,.6121E+00,.3998E+00,.2402E+00
.3635E+03,.5953E+00,.3897E+00,.2327E+00
.3640E+03,.6166E+00,.4045E+00,.2399E+00
.3645E+03,.6108E+00,.4015E+00,.2367E+00
.3650E+03,.6342E+00,.4178E+00,.2448E+00
.3655E+03,.6979E+00,.4608E+00,.2682E+00
.3660E+03,.7477E+00,.4948E+00,.2862E+00
.3665E+03,.7489E+00,.4966E+00,.2855E+00
.3670E+03,.7349E+00,.4884E+00,.2789E+00
.3675E+03,.7209E+00,.4801E+00,.2725E+00
.3680E+03,.6787E+00,.4529E+00,.2555E+00
.3685E+03,.6742E+00,.4508E+00,.2528E+00
.3690E+03,.7047E+00,.4721E+00,.2631E+00
.3695E+03,.7570E+00,.5082E+00,.2815E+00
.3700E+03,.7675E+00,.5163E+00,.2843E+00
.3705E+03,.6939E+00,.4677E+00,.2559E+00
.3710E+03,.7048E+00,.4760E+00,.2589E+00
.3715E+03,.7323E+00,.4955E+00,.2679E+00
.3720E+03,.6854E+00,.4648E+00,.2497E+00
.3725E+03,.6530E+00,.4436E+00,.2370E+00
.3730E+03,.6289E+00,.4280E+00,.2273E+00
.3735E+03,.5669E+00,.3866E+00,.2041E+00
.3740E+03,.5654E+00,.3863E+00,.2028E+00
.3745E+03,.5612E+00,.3841E+00,.2005E+00
.3750E+03,.5988E+00,.4106E+00,.2130E+00
.3755E+03,.6621E+00,.4548E+00,.2346E+00
.3760E+03,.6856E+00,.4719E+00,.2419E+00
.3765E+03,.6745E+00,.4651E+00,.2370E+00
.3770E+03,.7236E+00,.4998E+00,.2533E+00
.3775E+03,.8072E+00,.5585E+00,.2814E+00
.3780E+03,.8695E+00,.6027E+00,.3019E+00
.3785E+03,.8474E+00,.5885E+00,.2930E+00
.3790E+03,.7556E+00,.5258E+00,.2601E+00
.3795E+03,.6773E+00,.4722E+00,.2322E+00
.3800E+03,.7117E+00,.4972E+00,.2429E+00
.3805E+03,.7625E+00,.5336E+00,.2592E+00
.3810E+03,.7757E+00,.5439E+00,.2627E+00
.3815E+03,.6991E+00,.4910E+00,.2358E+00
.3820E+03,.5959E+00,.4193E+00,.2002E+00
.3825E+03,.5155E+00,.3634E+00,.1725E+00
.3830E+03,.4621E+00,.3263E+00,.1539E+00
.3835E+03,.4473E+00,.3164E+00,.1485E+00
.3840E+03,.5176E+00,.3667E+00,.1711E+00
.3845E+03,.6231E+00,.4421E+00,.2052E+00
.3850E+03,.6839E+00,.4861E+00,.2243E+00
.3855E+03,.6535E+00,.4652E+00,.2135E+00
.3860E+03,.6305E+00,.4495E+00,.2052E+00
.3865E+03,.6556E+00,.4682E+00,.2126E+00
.3870E+03,.6614E+00,.4731E+00,.2136E+00
.3875E+03,.6518E+00,.4670E+00,.2097E+00
.3880E+03,.6455E+00,.4632E+00,.2068E+00
.3885E+03,.6410E+00,.4607E+00,.2046E+00
.3890E+03,.6958E+00,.5009E+00,.2212E+00
.3895E+03,.7712E+00,.5560E+00,.2442E+00
.3900E+03,.8090E+00,.5842E+00,.2552E+00
.3905E+03,.8158E+00,.5900E+00,.2563E+00
.3910E+03,.8642E+00,.6259E+00,.2704E+00
.3915E+03,.8764E+00,.6358E+00,.2732E+00
.3920E+03,.8068E+00,.5862E+00,.2505E+00
.3925E+03,.6724E+00,.4893E+00,.2080E+00
.3930E+03,.4869E+00,.3548E+00,.1500E+00
.3935E+03,.3872E+00,.2825E+00,.1189E+00
.3940E+03,.5030E+00,.3676E+00,.1538E+00
.3945E+03,.6940E+00,.5078E+00,.2114E+00
.3950E+03,.8196E+00,.6006E+00,.2488E+00
.3955E+03,.8730E+00,.6406E+00,.2640E+00
.3960E+03,.7676E+00,.5641E+00,.2312E+00
.3965E+03,.5582E+00,.4107E+00,.1675E+00
.3970E+03,.4324E+00,.3186E+00,.1293E+00
.3975E+03,.6386E+00,.4712E+00,.1902E+00
.3980E+03,.8648E+00,.6390E+00,.2565E+00
.3985E+03,.1021E+01,.7557E+00,.3019E+00
.3990E+03,.1085E+01,.8036E+00,.3195E+00
.3995E+03,.1118E+01,.8293E+00,.3280E+00
.4000E+03,.1130E+01,.8393E+00,.3303E+00
.4010E+03,.1175E+01,.8763E+00,.3394E+00
.4020E+03,.1221E+01,.9133E+00,.3503E+00
.4030E+03,.1176E+01,.8815E+00,.3349E+00
.4040E+03,.1195E+01,.8979E+00,.3379E+00
.4050E+03,.1166E+01,.8779E+00,.3273E+00
.4060E+03,.1137E+01,.8582E+00,.3170E+00
.4070E+03,.1117E+01,.8449E+00,.3092E+00
.4080E+03,.1166E+01,.8843E+00,.3205E+00
.4090E+03,.1245E+01,.9465E+00,.3401E+00
.4100E+03,.1062E+01,.8086E+00,.2880E+00
.4110E+03,.1189E+01,.9071E+00,.3203E+00
.4120E+03,.1264E+01,.9662E+00,.3382E+00
.4130E+03,.1212E+01,.9289E+00,.3222E+00
.4140E+03,.1199E+01,.9207E+00,.3166E+00
.4150E+03,.1241E+01,.9551E+00,.3256E+00
.4160E+03,.1278E+01,.9856E+00,.3330E+00
.4170E+03,.1247E+01,.9633E+00,.3225E+00
.4180E+03,.1193E+01,.9233E+00,.3064E+00
.4190E+03,.1241E+01,.9629E+00,.3167E+00
.4200E+03,.1137E+01,.8841E+00,.2882E+00
.4210E+03,.1292E+01,.1006E+01,.3252E+00
.4220E+03,.1274E+01,.9943E+00,.3185E+00
.4230E+03,.1234E+01,.9647E+00,.3063E+00
.4240E+03,.1227E+01,.9612E+00,.3025E+00
.4250E+03,.1264E+01,.9925E+00,.3097E+00
.4260E+03,.1229E+01,.9660E+00,.2991E+00
.4270E+03,.1187E+01,.9349E+00,.2871E+00
.4280E+03,.1199E+01,.9456E+00,.2880E+00
.4290E+03,.1110E+01,.8771E+00,.2651E+00
.4300E+03,.8854E+00,.7009E+00,.2102E+00
.4310E+03,.8037E+00,.6374E+00,.1895E+00
.4320E+03,.1337E+01,.1062E+01,.3132E+00
.4330E+03,.1244E+01,.9899E+00,.2895E+00
.4340E+03,.1149E+01,.9159E+00,.2656E+00
.4350E+03,.1260E+01,.1006E+01,.2895E+00
.4360E+03,.1383E+01,.1105E+01,.3158E+00
.4370E+03,.1411E+01,.1130E+01,.3205E+00
.4380E+03,.1239E+01,.9930E+00,.2796E+00
.4390E+03,.1192E+01,.9569E+00,.2673E+00
.4400E+03,.1366E+01,.1099E+01,.3045E+00
.4410E+03,.1347E+01,.1085E+01,.2985E+00
.4420E+03,.1442E+01,.1163E+01,.3174E+00
.4430E+03,.1462E+01,.1182E+01,.3198E+00
.4440E+03,.1425E+01,.1153E+01,.3099E+00
.4450E+03,.1479E+01,.1198E+01,.3196E+00
.4460E+03,.1326E+01,.1076E+01,.2849E+00
.4470E+03,.1508E+01,.1225E+01,.3221E+00
.4480E+03,.1526E+01,.1241E+01,.3237E+00
.4490E+03,.1522E+01,.1240E+01,.3210E+00
.4500E+03,.1578E+01,.1287E+01,.3307E+00
.4510E+03,.1636E+01,.1337E+01,.3409E+00
.4520E+03,.1566E+01,.1281E+01,.3243E+00
.4530E+03,.1446E+01,.1185E+01,.2978E+00
.4540E+03,.1551E+01,.1272E+01,.3176E+00
.4550E+03,.1540E+01,.1265E+01,.3133E+00
.4560E+03,.1590E+01,.1308E+01,.3216E+00
.4570E+03,.1603E+01,.1320E+01,.3222E+00
.4580E+03,.1569E+01,.1294E+01,.3133E+00
.4590E+03,.1556E+01,.1285E+01,.3089E+00
.4600E+03,.1546E+01,.1278E+01,.3050E+00
.4610E+03,.1600E+01,.1325E+01,.3138E+00
.4620E+03,.1615E+01,.1338E+01,.3150E+00
.4630E+03,.1621E+01,.1344E+01,.3143E+00
.4640E+03,.1571E+01,.1305E+01,.3033E+00
.4650E+03,.1552E+01,.1290E+01,.2979E+00
.4660E+03,.1584E+01,.1318E+01,.3025E+00
.4670E+03,.1513E+01,.1261E+01,.2871E+00
.4680E+03,.1578E+01,.1317E+01,.2976E+00
.4690E+03,.1585E+01,.1324E+01,.2969E+00
.4700E+03,.1523E+01,.1274E+01,.2838E+00
.4710E+03,.1549E+01,.1297E+01,.2870E+00
.4720E+03,.1629E+01,.1365E+01,.3001E+00
.4730E+03,.1566E+01,.1314E+01,.2868E+00
.4740E+03,.1583E+01,.1329E+01,.2881E+00
.4750E+03,.1635E+01,.1375E+01,.2957E+00
.4760E+03,.1578E+01,.1329E+01,.2837E+00
.4770E+03,.1588E+01,.1338E+01,.2835E+00
.4780E+03,.1639E+01,.1383E+01,.2908E+00
.4790E+03,.1607E+01,.1358E+01,.2834E+00
.4800E+03,.1634E+01,.1382E+01,.2865E+00
.4810E+03,.1633E+01,.1383E+01,.2846E+00
.4820E+03,.1639E+01,.1389E+01,.2841E+00
.4830E+03,.1619E+01,.1373E+01,.2791E+00
.4840E+03,.1588E+01,.1348E+01,.2723E+00
.4850E+03,.1583E+01,.1345E+01,.2699E+00
.4860E+03,.1283E+01,.1091E+01,.2176E+00
.4870E+03,.1437E+01,.1223E+01,.2424E+00
.4880E+03,.1555E+01,.1324E+01,.2607E+00
.4890E+03,.1465E+01,.1248E+01,.2441E+00
.4900E+03,.1636E+01,.1396E+01,.2712E+00
.4910E+03,.1573E+01,.1343E+01,.2592E+00
.4920E+03,.1500E+01,.1281E+01,.2457E+00
.4930E+03,.1604E+01,.1371E+01,.2612E+00
.4940E+03,.1565E+01,.1339E+01,.2535E+00
.4950E+03,.1662E+01,.1423E+01,.2677E+00
.4960E+03,.1580E+01,.1354E+01,.2530E+00
.4970E+03,.1607E+01,.1378E+01,.2558E+00
.4980E+03,.1563E+01,.1341E+01,.2473E+00
.4990E+03,.1563E+01,.1342E+01,.2457E+00
.5000E+03,.1557E+01,.1338E+01,.2432E+00
.5010E+03,.1511E+01,.1298E+01,.2360E+00
.5020E+03,.1510E+01,.1298E+01,.2343E+00
.5030E+03,.1579E+01,.1359E+01,.2434E+00
.5040E+03,.1471E+01,.1267E+01,.2251E+00
.5050E+03,.1577E+01,.1359E+01,.2403E+00
.5060E+03,.1640E+01,.1414E+01,.2487E+00
.5070E+03,.1569E+01,.1354E+01,.2367E+00
.5080E+03,.1529E+01,.1320E+01,.2296E+00
.5090E+03,.1602E+01,.1384E+01,.2395E+00
.5100E+03,.1561E+01,.1349E+01,.2322E+00
.5110E+03,.1590E+01,.1374E+01,.2354E+00
.5120E+03,.1632E+01,.1412E+01,.2404E+00
.5130E+03,.1533E+01,.1327E+01,.2246E+00
.5140E+03,.1500E+01,.1299E+01,.2188E+00
.5150E+03,.1544E+01,.1338E+01,.2239E+00
.5160E+03,.1558E+01,.1350E+01,.2248E+00
.5170E+03,.1269E+01,.1101E+01,.1823E+00
.5180E+03,.1452E+01,.1260E+01,.2074E+00
.5190E+03,.1407E+01,.1221E+01,.1999E+00
.5200E+03,.1535E+01,.1334E+01,.2170E+00
.5210E+03,.1546E+01,.1344E+01,.2174E+00
.5220E+03,.1581E+01,.1375E+01,.2211E+00
.5230E+03,.1490E+01,.1297E+01,.2073E+00
.5240E+03,.1603E+01,.1395E+01,.2218E+00
.5250E+03,.1590E+01,.1385E+01,.2188E+00
.5260E+03,.1545E+01,.1347E+01,.2116E+00
.5270E+03,.1352E+01,.1179E+01,.1840E+00
.5280E+03,.1547E+01,.1350E+01,.2094E+00
.5290E+03,.1619E+01,.1413E+01,.2179E+00
.5300E+03,.1556E+01,.1359E+01,.2084E+00
.5310E+03,.1641E+01,.1434E+01,.2187E+00
.5320E+03,.1611E+01,.1408E+01,.2137E+00
.5330E+03,.1439E+01,.1258E+01,.1899E+00
.5340E+03,.1541E+01,.1348E+01,.2025E+00
.5350E+03,.1564E+01,.1369E+01,.2047E+00
.5360E+03,.1631E+01,.1428E+01,.2124E+00
.5370E+03,.1509E+01,.1322E+01,.1957E+00
.5380E+03,.1585E+01,.1389E+01,.2045E+00
.5390E+03,.1546E+01,.1355E+01,.1986E+00
.5400E+03,.1492E+01,.1309E+01,.1909E+00
.5410E+03,.1435E+01,.1259E+01,.1825E+00
.5420E+03,.1561E+01,.1371E+01,.1976E+00
.5430E+03,.1536E+01,.1348E+01,.1935E+00
.5440E+03,.1589E+01,.1396E+01,.1994E+00
.5450E+03,.1553E+01,.1365E+01,.1940E+00
.5460E+03,.1539E+01,.1353E+01,.1912E+00
.5470E+03,.1559E+01,.1371E+01,.1928E+00
.5480E+03,.1514E+01,.1332E+01,.1865E+00
.5490E+03,.1562E+01,.1374E+01,.1915E+00
.5500E+03,.1549E+01,.1364E+01,.1892E+00
.5510E+03,.1548E+01,.1363E+01,.1881E+00
.5520E+03,.1579E+01,.1391E+01,.1910E+00
.5530E+03,.1534E+01,.1352E+01,.1846E+00
.5540E+03,.1564E+01,.1379E+01,.1873E+00
.5550E+03,.1573E+01,.1387E+01,.1874E+00
.5560E+03,.1546E+01,.1364E+01,.1833E+00
.5570E+03,.1508E+01,.1331E+01,.1778E+00
.5580E+03,.1540E+01,.1360E+01,.1807E+00
.5590E+03,.1457E+01,.1288E+01,.1700E+00
.5600E+03,.1482E+01,.1311E+01,.1721E+00
.5610E+03,.1568E+01,.1388E+01,.1811E+00
.5620E+03,.1493E+01,.1322E+01,.1715E+00
.5630E+03,.1549E+01,.1372E+01,.1771E+00
.5640E+03,.1519E+01,.1346E+01,.1728E+00
.5650E+03,.1528E+01,.1355E+01,.1730E+00
.5660E+03,.1445E+01,.1281E+01,.1627E+00
.5670E+03,.1540E+01,.1366E+01,.1725E+00
.5680E+03,.1526E+01,.1355E+01,.1700E+00
.5690E+03,.1489E+01,.1322E+01,.1647E+00
.5700E+03,.1489E+01,.1323E+01,.1641E+00
.5710E+03,.1441E+01,.1280E+01,.1581E+00
.5720E+03,.1521E+01,.1353E+01,.1660E+00
.5730E+03,.1528E+01,.1359E+01,.1659E+00
.5740E+03,.1520E+01,.1352E+01,.1643E+00
.5750E+03,.1485E+01,.1322E+01,.1599E+00
.5760E+03,.1473E+01,.1311E+01,.1578E+00
.5770E+03,.1510E+01,.1344E+01,.1611E+00
.5780E+03,.1463E+01,.1303E+01,.1556E+00
.5790E+03,.1484E+01,.1322E+01,.1574E+00
.5800E+03,.1509E+01,.1345E+01,.1596E+00
.5810E+03,.1516E+01,.1351E+01,.1598E+00
.5820E+03,.1539E+01,.1372E+01,.1617E+00
.5830E+03,.1555E+01,.1386E+01,.1629E+00
.5840E+03,.1552E+01,.1384E+01,.1620E+00
.5850E+03,.1540E+01,.1373E+01,.1601E+00
.5860E+03,.1502E+01,.1340E+01,.1555E+00
.5870E+03,.1535E+01,.1370E+01,.1581E+00
.5880E+03,.1500E+01,.1339E+01,.1534E+00
.5890E+03,.1295E+01,.1157E+01,.1311E+00
.5900E+03,.1378E+01,.1231E+01,.1390E+00
.5910E+03,.1473E+01,.1316E+01,.1484E+00
.5920E+03,.1442E+01,.1290E+01,.1445E+00
.5930E+03,.1462E+01,.1308E+01,.1462E+00
.5940E+03,.1455E+01,.1302E+01,.1447E+00
.5950E+03,.1437E+01,.1286E+01,.1420E+00
.5960E+03,.1481E+01,.1325E+01,.1463E+00
.5970E+03,.1485E+01,.1329E+01,.1460E+00
.5980E+03,.1467E+01,.1313E+01,.1437E+00
.5990E+03,.1467E+01,.1314E+01,.1432E+00
.6000E+03,.1481E+01,.1327E+01,.1442E+00
.6010E+03,.1464E+01,.1311E+01,.1420E+00
.6020E+03,.1442E+01,.1292E+01,.1393E+00
.6030E+03,.1472E+01,.1320E+01,.1417E+00
.6040E+03,.1498E+01,.1343E+01,.1436E+00
.6050E+03,.1495E+01,.1341E+01,.1428E+00
.6060E+03,.1488E+01,.1334E+01,.1417E+00
.6070E+03,.1497E+01,.1343E+01,.1422E+00
.6080E+03,.1492E+01,.1338E+01,.1412E+00
.6090E+03,.1481E+01,.1328E+01,.1397E+00
.6100E+03,.1474E+01,.1323E+01,.1387E+00
.6110E+03,.1467E+01,.1316E+01,.1375E+00
.6120E+03,.1489E+01,.1336E+01,.1391E+00
.6130E+03,.1467E+01,.1317E+01,.1367E+00
.6140E+03,.1423E+01,.1277E+01,.1321E+00
.6150E+03,.1475E+01,.1325E+01,.1365E+00
.6160E+03,.1436E+01,.1290E+01,.1325E+00
.6170E+03,.1418E+01,.1274E+01,.1304E+00
.6180E+03,.1472E+01,.1322E+01,.1348E+00
.6190E+03,.1478E+01,.1328E+01,.1350E+00
.6200E+03,.1479E+01,.1329E+01,.1346E+00
.6210E+03,.1485E+01,.1335E+01,.1346E+00
.6220E+03,.1432E+01,.1287E+01,.1290E+00
.6230E+03,.1421E+01,.1278E+01,.1273E+00
.6240E+03,.1416E+01,.1274E+01,.1266E+00
.6250E+03,.1407E+01,.1266E+01,.1255E+00
.6260E+03,.1406E+01,.1265E+01,.1250E+00
.6270E+03,.1446E+01,.1301E+01,.1281E+00
.6280E+03,.1367E+01,.1232E+01,.1193E+00
.6290E+03,.1416E+01,.1275E+01,.1240E+00
.6300E+03,.1397E+01,.1258E+01,.1219E+00
.6310E+03,.1420E+01,.1279E+01,.1241E+00
.6320E+03,.1368E+01,.1232E+01,.1192E+00
.6330E+03,.1455E+01,.1310E+01,.1267E+00
.6340E+03,.1433E+01,.1290E+01,.1245E+00
.6350E+03,.1450E+01,.1306E+01,.1256E+00
.6360E+03,.1417E+01,.1276E+01,.1224E+00
.6370E+03,.1465E+01,.1320E+01,.1262E+00
.6380E+03,.1475E+01,.1328E+01,.1268E+00
.6390E+03,.1469E+01,.1323E+01,.1259E+00
.6400E+03,.1438E+01,.1295E+01,.1229E+00
.6410E+03,.1439E+01,.1296E+01,.1226E+00
.6420E+03,.1442E+01,.1299E+01,.1225E+00
.6430E+03,.1456E+01,.1312E+01,.1235E+00
.6440E+03,.1450E+01,.1307E+01,.1226E+00
.6450E+03,.1460E+01,.1316E+01,.1230E+00
.6460E+03,.1419E+01,.1279E+01,.1189E+00
.6470E+03,.1412E+01,.1274E+01,.1177E+00
.6480E+03,.1399E+01,.1262E+01,.1161E+00
.6490E+03,.1355E+01,.1223E+01,.1121E+00
.6500E+03,.1363E+01,.1229E+01,.1128E+00
.6510E+03,.1448E+01,.1306E+01,.1196E+00
.6520E+03,.1391E+01,.1255E+01,.1139E+00
.6530E+03,.1435E+01,.1294E+01,.1177E+00
.6540E+03,.1419E+01,.1280E+01,.1161E+00
.6550E+03,.1353E+01,.1221E+01,.1101E+00
.6560E+03,.1188E+01,.1072E+01,.9650E-01
.6570E+03,.1242E+01,.1121E+01,.1006E+00
.6580E+03,.1389E+01,.1253E+01,.1123E+00
.6590E+03,.1394E+01,.1258E+01,.1123E+00
.6600E+03,.1402E+01,.1266E+01,.1126E+00
.6610E+03,.1396E+01,.1261E+01,.1115E+00
.6620E+03,.1385E+01,.1251E+01,.1100E+00
.6630E+03,.1387E+01,.1253E+01,.1100E+00
.6640E+03,.1400E+01,.1264E+01,.1110E+00
.6650E+03,.1424E+01,.1286E+01,.1128E+00
.6660E+03,.1423E+01,.1285E+01,.1125E+00
.6670E+03,.1413E+01,.1276E+01,.1115E+00
.6680E+03,.1418E+01,.1280E+01,.1116E+00
.6690E+03,.1442E+01,.1302E+01,.1132E+00
.6700E+03,.1422E+01,.1285E+01,.1113E+00
.6710E+03,.1419E+01,.1282E+01,.1108E+00
.6720E+03,.1400E+01,.1264E+01,.1090E+00
.6730E+03,.1412E+01,.1275E+01,.1097E+00
.6740E+03,.1410E+01,.1273E+01,.1092E+00
.6750E+03,.1398E+01,.1263E+01,.1080E+00
.6760E+03,.1414E+01,.1278E+01,.1089E+00
.6770E+03,.1401E+01,.1266E+01,.1076E+00
.6780E+03,.1409E+01,.1273E+01,.1079E+00
.6790E+03,.1397E+01,.1262E+01,.1067E+00
.6800E+03,.1399E+01,.1264E+01,.1066E+00
.6810E+03,.1394E+01,.1259E+01,.1058E+00
.6820E+03,.1400E+01,.1265E+01,.1060E+00
.6830E+03,.1385E+01,.1252E+01,.1046E+00
.6840E+03,.1376E+01,.1244E+01,.1035E+00
.6850E+03,.1377E+01,.1245E+01,.1033E+00
.6860E+03,.1346E+01,.1217E+01,.1006E+00
.6870E+03,.9690E+00,.8824E+00,.6710E-01
.6880E+03,.1122E+01,.1019E+01,.7981E-01
.6890E+03,.1129E+01,.1025E+01,.8014E-01
.6900E+03,.1184E+01,.1074E+01,.8455E-01
.6910E+03,.1235E+01,.1119E+01,.8889E-01
.6920E+03,.1271E+01,.1151E+01,.9194E-01
.6930E+03,.1263E+01,.1144E+01,.9101E-01
.6940E+03,.1248E+01,.1131E+01,.8958E-01
.6950E+03,.1273E+01,.1153E+01,.9173E-01
.6960E+03,.1271E+01,.1151E+01,.9125E-01
.6970E+03,.1342E+01,.1214E+01,.9701E-01
.6980E+03,.1321E+01,.1195E+01,.9518E-01
.6990E+03,.1294E+01,.1172E+01,.9236E-01
.7000E+03,.1284E+01,.1163E+01,.9138E-01
.7010E+03,.1268E+01,.1149E+01,.8984E-01
.7020E+03,.1269E+01,.1149E+01,.8986E-01
.7030E+03,.1276E+01,.1156E+01,.9008E-01
.7040E+03,.1309E+01,.1186E+01,.9245E-01
.7050E+03,.1323E+01,.1198E+01,.9311E-01
.7060E+03,.1316E+01,.1192E+01,.9248E-01
.7070E+03,.1310E+01,.1187E+01,.9186E-01
.7080E+03,.1306E+01,.1183E+01,.9128E-01
.7090E+03,.1311E+01,.1187E+01,.9150E-01
.7100E+03,.1319E+01,.1195E+01,.9167E-01
.7110E+03,.1317E+01,.1193E+01,.9138E-01
.7120E+03,.1308E+01,.1185E+01,.9066E-01
.7130E+03,.1293E+01,.1171E+01,.8925E-01
.7140E+03,.1304E+01,.1182E+01,.8973E-01
.7150E+03,.1260E+01,.1142E+01,.8623E-01
.7160E+03,.1273E+01,.1154E+01,.8683E-01
.7170E+03,.1107E+01,.1007E+01,.7342E-01
.7180E+03,.1031E+01,.9382E+00,.6764E-01
.7190E+03,.9248E+00,.8422E+00,.6008E-01
.7200E+03,.9869E+00,.8989E+00,.6401E-01
.7210E+03,.1087E+01,.9891E+00,.7154E-01
.7220E+03,.1241E+01,.1127E+01,.8301E-01
.7230E+03,.1146E+01,.1042E+01,.7554E-01
.7240E+03,.1057E+01,.9625E+00,.6857E-01
.7250E+03,.1039E+01,.9468E+00,.6705E-01
.7260E+03,.1082E+01,.9855E+00,.6992E-01
.7270E+03,.1086E+01,.9893E+00,.7024E-01
.7280E+03,.1041E+01,.9489E+00,.6656E-01
.7290E+03,.1047E+01,.9540E+00,.6741E-01
.7300E+03,.1129E+01,.1029E+01,.7271E-01
.7310E+03,.1070E+01,.9756E+00,.6839E-01
.7320E+03,.1154E+01,.1051E+01,.7429E-01
.7330E+03,.1197E+01,.1089E+01,.7754E-01
.7340E+03,.1236E+01,.1125E+01,.8004E-01
.7350E+03,.1218E+01,.1110E+01,.7858E-01
.7360E+03,.1207E+01,.1099E+01,.7764E-01
.7370E+03,.1205E+01,.1097E+01,.7725E-01
.7380E+03,.1227E+01,.1118E+01,.7891E-01
.7390E+03,.1191E+01,.1085E+01,.7632E-01
.7400E+03,.1220E+01,.1111E+01,.7809E-01
.7410E+03,.1215E+01,.1107E+01,.7765E-01
.7420E+03,.1216E+01,.1108E+01,.7753E-01
.7430E+03,.1241E+01,.1131E+01,.7891E-01
.7440E+03,.1250E+01,.1140E+01,.7933E-01
.7450E+03,.1250E+01,.1140E+01,.7910E-01
.7460E+03,.1247E+01,.1137E+01,.7871E-01
.7470E+03,.1248E+01,.1138E+01,.7854E-01
.7480E+03,.1240E+01,.1132E+01,.7783E-01
.7490E+03,.1236E+01,.1128E+01,.7733E-01
.7500E+03,.1234E+01,.1127E+01,.7702E-01
.7510E+03,.1229E+01,.1122E+01,.7648E-01
.7520E+03,.1233E+01,.1126E+01,.7655E-01
.7530E+03,.1227E+01,.1120E+01,.7594E-01
.7540E+03,.1242E+01,.1135E+01,.7667E-01
.7550E+03,.1238E+01,.1131E+01,.7624E-01
.7560E+03,.1223E+01,.1118E+01,.7512E-01
.7570E+03,.1222E+01,.1117E+01,.7485E-01
.7580E+03,.1229E+01,.1124E+01,.7509E-01
.7590E+03,.1194E+01,.1092E+01,.7252E-01
.7600E+03,.2642E+00,.2471E+00,.1172E-01
.7610E+03,.1522E+00,.1433E+00,.6077E-02
.7620E+03,.6870E+00,.6346E+00,.3677E-01
.7630E+03,.3779E+00,.3521E+00,.1783E-01
.7640E+03,.5376E+00,.4986E+00,.2715E-01
.7650E+03,.6854E+00,.6335E+00,.3635E-01
.7660E+03,.8144E+00,.7504E+00,.4501E-01
.7670E+03,.9742E+00,.8952E+00,.5567E-01
.7680E+03,.1114E+01,.1022E+01,.6512E-01
.7690E+03,.1128E+01,.1034E+01,.6613E-01
.7700E+03,.1161E+01,.1064E+01,.6830E-01
.7710E+03,.1168E+01,.1071E+01,.6876E-01
.7720E+03,.1178E+01,.1079E+01,.6917E-01
.7730E+03,.1177E+01,.1079E+01,.6893E-01
.7740E+03,.1177E+01,.1079E+01,.6874E-01
.7750E+03,.1177E+01,.1079E+01,.6855E-01
.7760E+03,.1179E+01,.1082E+01,.6853E-01
.7770E+03,.1172E+01,.1076E+01,.6793E-01
.7780E+03,.1171E+01,.1075E+01,.6764E-01
.7790E+03,.1176E+01,.1080E+01,.6774E-01
.7800E+03,.1163E+01,.1068E+01,.6682E-01
.7810E+03,.1160E+01,.1066E+01,.6648E-01
.7820E+03,.1166E+01,.1071E+01,.6662E-01
.7830E+03,.1161E+01,.1066E+01,.6619E-01
.7840E+03,.1153E+01,.1059E+01,.6558E-01
.7850E+03,.1158E+01,.1064E+01,.6568E-01
.7860E+03,.1159E+01,.1065E+01,.6553E-01
.7870E+03,.1145E+01,.1052E+01,.6440E-01
.7880E+03,.1130E+01,.1039E+01,.6333E-01
.7890E+03,.1125E+01,.1035E+01,.6286E-01
.7900E+03,.1091E+01,.1004E+01,.6051E-01
.7910E+03,.1105E+01,.1017E+01,.6141E-01
.7920E+03,.1095E+01,.1008E+01,.6069E-01
.7930E+03,.1087E+01,.1001E+01,.6006E-01
.7940E+03,.1097E+01,.1009E+01,.6072E-01
.7950E+03,.1093E+01,.1006E+01,.6027E-01
.7960E+03,.1074E+01,.9892E+00,.5872E-01
.7970E+03,.1091E+01,.1005E+01,.5951E-01
.7980E+03,.1112E+01,.1024E+01,.6082E-01
.7990E+03,.1090E+01,.1004E+01,.5942E-01
.8000E+03,.1072E+01,.9879E+00,.5819E-01
.8010E+03,.1084E+01,.9991E+00,.5860E-01
.8020E+03,.1085E+01,.1000E+01,.5852E-01
.8030E+03,.1065E+01,.9822E+00,.5726E-01
.8040E+03,.1078E+01,.9939E+00,.5781E-01
.8050E+03,.1054E+01,.9721E+00,.5649E-01
.8060E+03,.1097E+01,.1012E+01,.5878E-01
.8070E+03,.1085E+01,.1001E+01,.5797E-01
.8080E+03,.1081E+01,.9978E+00,.5764E-01
.8090E+03,.1054E+01,.9729E+00,.5592E-01
.8100E+03,.1055E+01,.9743E+00,.5573E-01
.8110E+03,.1053E+01,.9721E+00,.5532E-01
.8120E+03,.1026E+01,.9484E+00,.5355E-01
.8130E+03,.1007E+01,.9309E+00,.5223E-01
.8140E+03,.9023E+00,.8352E+00,.4579E-01
.8150E+03,.8946E+00,.8282E+00,.4528E-01
.8160E+03,.8325E+00,.7712E+00,.4172E-01
.8170E+03,.8521E+00,.7894E+00,.4272E-01
.8180E+03,.8228E+00,.7625E+00,.4100E-01
.8190E+03,.9051E+00,.8379E+00,.4577E-01
.8200E+03,.8620E+00,.7985E+00,.4315E-01
.8210E+03,.9974E+00,.9225E+00,.5096E-01
.8220E+03,.9512E+00,.8802E+00,.4828E-01
.8230E+03,.6732E+00,.6254E+00,.3227E-01
.8240E+03,.9348E+00,.8656E+00,.4691E-01
.8250E+03,.9690E+00,.8969E+00,.4891E-01
.8260E+03,.9344E+00,.8655E+00,.4673E-01
.8270E+03,.9842E+00,.9112E+00,.4949E-01
.8280E+03,.8499E+00,.7882E+00,.4164E-01
.8290E+03,.9291E+00,.8608E+00,.4619E-01
.8300E+03,.9158E+00,.8488E+00,.4533E-01
.8310E+03,.9236E+00,.8561E+00,.4565E-01
.8320E+03,.8941E+00,.8291E+00,.4388E-01
.8330E+03,.9553E+00,.8851E+00,.4738E-01
.8340E+03,.9328E+00,.8648E+00,.4585E-01
.8350E+03,.1002E+01,.9286E+00,.4979E-01
.8360E+03,.9713E+00,.9004E+00,.4773E-01
.8370E+03,.1008E+01,.9343E+00,.4986E-01
.8380E+03,.9982E+00,.9252E+00,.4908E-01
.8390E+03,.1000E+01,.9272E+00,.4926E-01
.8400E+03,.1015E+01,.9406E+00,.4989E-01
.8410E+03,.1009E+01,.9356E+00,.4942E-01
.8420E+03,.9962E+00,.9235E+00,.4876E-01
.8430E+03,.1004E+01,.9311E+00,.4915E-01
.8440E+03,.9854E+00,.9137E+00,.4804E-01
.8450E+03,.1016E+01,.9416E+00,.4947E-01
.8460E+03,.1018E+01,.9438E+00,.4947E-01
.8470E+03,.9908E+00,.9189E+00,.4807E-01
.8480E+03,.9912E+00,.9195E+00,.4793E-01
.8490E+03,.9850E+00,.9139E+00,.4750E-01
.8500E+03,.8929E+00,.8285E+00,.4296E-01
.8510E+03,.9740E+00,.9039E+00,.4668E-01
.8520E+03,.9684E+00,.8988E+00,.4631E-01
.8530E+03,.9639E+00,.8948E+00,.4602E-01
.8540E+03,.8503E+00,.7895E+00,.4046E-01
.8550E+03,.9121E+00,.8469E+00,.4335E-01
.8560E+03,.9722E+00,.9028E+00,.4608E-01
.8570E+03,.9907E+00,.9200E+00,.4689E-01
.8580E+03,.9910E+00,.9203E+00,.4679E-01
.8590E+03,.9907E+00,.9202E+00,.4669E-01
.8600E+03,.9871E+00,.9170E+00,.4642E-01
.8610E+03,.9858E+00,.9159E+00,.4625E-01
.8620E+03,.9935E+00,.9231E+00,.4652E-01
.8630E+03,.9995E+00,.9287E+00,.4670E-01
.8640E+03,.9781E+00,.9090E+00,.4561E-01
.8650E+03,.9622E+00,.8943E+00,.4477E-01
.8660E+03,.8481E+00,.7883E+00,.3937E-01
.8670E+03,.9145E+00,.8501E+00,.4235E-01
.8680E+03,.9582E+00,.8908E+00,.4428E-01
.8690E+03,.9485E+00,.8819E+00,.4373E-01
.8700E+03,.9665E+00,.8987E+00,.4446E-01
.8710E+03,.9528E+00,.8861E+00,.4373E-01
.8720E+03,.9658E+00,.8983E+00,.4423E-01
.8730E+03,.9561E+00,.8894E+00,.4369E-01
.8740E+03,.9394E+00,.8739E+00,.4282E-01
.8750E+03,.9258E+00,.8615E+00,.4209E-01
.8760E+03,.9517E+00,.8857E+00,.4316E-01
.8770E+03,.9551E+00,.8889E+00,.4322E-01
.8780E+03,.9513E+00,.8855E+00,.4294E-01
.8790E+03,.9355E+00,.8709E+00,.4213E-01
.8800E+03,.9385E+00,.8738E+00,.4217E-01
.8810E+03,.9076E+00,.8451E+00,.4067E-01
.8820E+03,.9314E+00,.8673E+00,.4164E-01
.8830E+03,.9282E+00,.8644E+00,.4143E-01
.8840E+03,.9320E+00,.8680E+00,.4149E-01
.8850E+03,.9431E+00,.8786E+00,.4188E-01
.8860E+03,.9065E+00,.8446E+00,.4008E-01
.8870E+03,.9096E+00,.8474E+00,.4019E-01
.8880E+03,.9212E+00,.8584E+00,.4057E-01
.8890E+03,.9334E+00,.8698E+00,.4109E-01
.8900E+03,.9229E+00,.8602E+00,.4044E-01
.8910E+03,.9247E+00,.8620E+00,.4048E-01
.8920E+03,.9078E+00,.8463E+00,.3955E-01
.8930E+03,.8727E+00,.8140E+00,.3778E-01
.8940E+03,.8491E+00,.7923E+00,.3640E-01
.8950E+03,.8118E+00,.7581E+00,.3439E-01
.8960E+03,.7622E+00,.7122E+00,.3192E-01
.8970E+03,.6656E+00,.6227E+00,.2727E-01
.8980E+03,.7176E+00,.6710E+00,.2967E-01
.8990E+03,.5490E+00,.5143E+00,.2188E-01
.9000E+03,.7423E+00,.6939E+00,.3082E-01
.9010E+03,.5993E+00,.5613E+00,.2400E-01
.9020E+03,.6700E+00,.6266E+00,.2746E-01
.9030E+03,.6887E+00,.6444E+00,.2799E-01
.9040E+03,.8438E+00,.7881E+00,.3537E-01
.9050E+03,.8164E+00,.7629E+00,.3398E-01
.9060E+03,.7751E+00,.7246E+00,.3201E-01
.9070E+03,.6385E+00,.5980E+00,.2550E-01
.9080E+03,.6521E+00,.6105E+00,.2611E-01
.9090E+03,.7040E+00,.6587E+00,.2853E-01
.9100E+03,.6249E+00,.5855E+00,.2468E-01
.9110E+03,.6665E+00,.6242E+00,.2660E-01
.9120E+03,.6887E+00,.6447E+00,.2759E-01
.9130E+03,.6271E+00,.5877E+00,.2460E-01
.9140E+03,.6264E+00,.5871E+00,.2457E-01
.9150E+03,.6767E+00,.6340E+00,.2671E-01
.9160E+03,.5765E+00,.5407E+00,.2230E-01
.9170E+03,.7289E+00,.6824E+00,.2906E-01
.9180E+03,.5927E+00,.5558E+00,.2288E-01
.9190E+03,.7368E+00,.6899E+00,.2934E-01
.9200E+03,.7437E+00,.6961E+00,.2975E-01
.9210E+03,.7793E+00,.7292E+00,.3133E-01
.9220E+03,.6989E+00,.6546E+00,.2757E-01
.9230E+03,.7438E+00,.6960E+00,.2978E-01
.9240E+03,.7201E+00,.6745E+00,.2831E-01
.9250E+03,.7102E+00,.6655E+00,.2780E-01
.9260E+03,.7018E+00,.6576E+00,.2748E-01
.9270E+03,.7855E+00,.7354E+00,.3111E-01
.9280E+03,.5858E+00,.5499E+00,.2199E-01
.9290E+03,.5451E+00,.5121E+00,.2014E-01
.9300E+03,.4320E+00,.4066E+00,.1539E-01
.9310E+03,.4092E+00,.3852E+00,.1453E-01
.9320E+03,.3007E+00,.2837E+00,.1019E-01
.9330E+03,.2482E+00,.2345E+00,.8155E-02
.9340E+03,.1434E+00,.1360E+00,.4295E-02
.9350E+03,.2508E+00,.2368E+00,.8322E-02
.9360E+03,.1612E+00,.1526E+00,.5040E-02
.9370E+03,.1631E+00,.1545E+00,.5071E-02
.9380E+03,.2004E+00,.1895E+00,.6346E-02
.9390E+03,.3989E+00,.3757E+00,.1390E-01
.9400E+03,.4717E+00,.4439E+00,.1681E-01
.9410E+03,.3718E+00,.3505E+00,.1276E-01
.9420E+03,.4052E+00,.3817E+00,.1414E-01
.9430E+03,.2783E+00,.2628E+00,.9230E-02
.9440E+03,.2859E+00,.2697E+00,.9654E-02
.9450E+03,.3682E+00,.3471E+00,.1256E-01
.9460E+03,.1945E+00,.1840E+00,.6115E-02
.9470E+03,.3710E+00,.3499E+00,.1254E-01
.9480E+03,.2742E+00,.2590E+00,.9026E-02
.9490E+03,.4936E+00,.4649E+00,.1723E-01
.9500E+03,.1470E+00,.1394E+00,.4370E-02
.9510E+03,.4835E+00,.4554E+00,.1684E-01
.9520E+03,.2688E+00,.2541E+00,.8632E-02
.9530E+03,.3435E+00,.3243E+00,.1141E-01
.9540E+03,.4240E+00,.3997E+00,.1452E-01
.9550E+03,.3411E+00,.3219E+00,.1135E-01
.9560E+03,.3283E+00,.3098E+00,.1096E-01
.9570E+03,.2705E+00,.2558E+00,.8581E-02
.9580E+03,.4611E+00,.4343E+00,.1603E-01
.9590E+03,.3739E+00,.3527E+00,.1250E-01
.9600E+03,.4205E+00,.3966E+00,.1418E-01
.9610E+03,.4611E+00,.4346E+00,.1583E-01
.9620E+03,.4417E+00,.4164E+00,.1505E-01
.9630E+03,.5049E+00,.4756E+00,.1753E-01
.9640E+03,.4586E+00,.4322E+00,.1573E-01
.9650E+03,.5037E+00,.4744E+00,.1744E-01
.9660E+03,.5026E+00,.4735E+00,.1733E-01
.9670E+03,.5023E+00,.4733E+00,.1725E-01
.9680E+03,.6516E+00,.6126E+00,.2347E-01
.9690E+03,.6847E+00,.6437E+00,.2467E-01
.9700E+03,.6342E+00,.5965E+00,.2255E-01
.9710E+03,.7131E+00,.6702E+00,.2588E-01
.9720E+03,.6870E+00,.6459E+00,.2472E-01
.9730E+03,.6061E+00,.5705E+00,.2126E-01
.9740E+03,.5739E+00,.5404E+00,.1998E-01
.9750E+03,.5896E+00,.5550E+00,.2063E-01
.9760E+03,.5716E+00,.5384E+00,.1975E-01
.9770E+03,.6382E+00,.6005E+00,.2252E-01
.9780E+03,.6147E+00,.5787E+00,.2144E-01
.9790E+03,.6376E+00,.6001E+00,.2238E-01
.9800E+03,.6043E+00,.5691E+00,.2099E-01
.9810E+03,.7120E+00,.6697E+00,.2533E-01
.9820E+03,.6914E+00,.6506E+00,.2438E-01
.9830E+03,.6663E+00,.6272E+00,.2331E-01
.9840E+03,.7360E+00,.6921E+00,.2623E-01
.9850E+03,.6863E+00,.6459E+00,.2405E-01
.9860E+03,.7498E+00,.7051E+00,.2673E-01
.9870E+03,.7382E+00,.6944E+00,.2615E-01
.9880E+03,.7336E+00,.6901E+00,.2593E-01
.9890E+03,.7480E+00,.7035E+00,.2657E-01
.9900E+03,.7312E+00,.6880E+00,.2575E-01
.9910E+03,.7525E+00,.7079E+00,.2659E-01
.9920E+03,.7499E+00,.7055E+00,.2646E-01
.9930E+03,.7362E+00,.6928E+00,.2582E-01
.9940E+03,.7530E+00,.7084E+00,.2649E-01
.9950E+03,.7506E+00,.7063E+00,.2637E-01
.9960E+03,.7477E+00,.7036E+00,.2620E-01
.9970E+03,.7386E+00,.6951E+00,.2583E-01
.9980E+03,.7378E+00,.6944E+00,.2575E-01
.9990E+03,.7375E+00,.6941E+00,.2570E-01
.1000E+04,.7342E+00,.6911E+00,.2551E-01
.1001E+04,.7433E+00,.6997E+00,.2580E-01
.1002E+04,.7270E+00,.6845E+00,.2507E-01
.1003E+04,.7333E+00,.6904E+00,.2535E-01
.1004E+04,.7223E+00,.6801E+00,.2488E-01
.1005E+04,.6807E+00,.6410E+00,.2344E-01
.1006E+04,.7115E+00,.6700E+00,.2443E-01
.1007E+04,.7264E+00,.6842E+00,.2490E-01
.1008E+04,.7258E+00,.6836E+00,.2481E-01
.1009E+04,.7187E+00,.6770E+00,.2450E-01
.1010E+04,.7181E+00,.6765E+00,.2442E-01
.1011E+04,.7217E+00,.6799E+00,.2455E-01
.1012E+04,.7177E+00,.6762E+00,.2434E-01
.1013E+04,.7165E+00,.6751E+00,.2429E-01
.1014E+04,.7196E+00,.6780E+00,.2434E-01
.1015E+04,.7071E+00,.6663E+00,.2387E-01
.1016E+04,.7102E+00,.6693E+00,.2392E-01
.1017E+04,.7023E+00,.6619E+00,.2361E-01
.1018E+04,.7131E+00,.6722E+00,.2393E-01
.1019E+04,.6878E+00,.6484E+00,.2299E-01
.1020E+04,.6979E+00,.6580E+00,.2332E-01
.1021E+04,.7007E+00,.6606E+00,.2337E-01
.1022E+04,.6887E+00,.6494E+00,.2291E-01
.1023E+04,.6940E+00,.6545E+00,.2304E-01
.1024E+04,.6896E+00,.6503E+00,.2281E-01
.1025E+04,.6965E+00,.6568E+00,.2305E-01
.1026E+04,.6953E+00,.6558E+00,.2295E-01
.1027E+04,.6920E+00,.6528E+00,.2280E-01
.1028E+04,.6928E+00,.6535E+00,.2278E-01
.1029E+04,.6853E+00,.6465E+00,.2248E-01
.1030E+04,.6895E+00,.6505E+00,.2260E-01
.1031E+04,.6863E+00,.6476E+00,.2244E-01
.1032E+04,.6868E+00,.6481E+00,.2242E-01
.1033E+04,.6751E+00,.6371E+00,.2199E-01
.1034E+04,.6791E+00,.6409E+00,.2208E-01
.1035E+04,.6813E+00,.6431E+00,.2210E-01
.1036E+04,.6810E+00,.6428E+00,.2204E-01
.1037E+04,.6740E+00,.6362E+00,.2177E-01
.1038E+04,.6707E+00,.6332E+00,.2163E-01
.1039E+04,.6753E+00,.6376E+00,.2173E-01
.1040E+04,.6707E+00,.6332E+00,.2154E-01
.1041E+04,.6708E+00,.6334E+00,.2149E-01
.1042E+04,.6710E+00,.6336E+00,.2146E-01
.1043E+04,.6643E+00,.6273E+00,.2120E-01
.1044E+04,.6673E+00,.6303E+00,.2126E-01
.1045E+04,.6635E+00,.6267E+00,.2109E-01
.1046E+04,.6462E+00,.6104E+00,.2050E-01
.1047E+04,.6560E+00,.6197E+00,.2076E-01
.1048E+04,.6618E+00,.6252E+00,.2090E-01
.1049E+04,.6580E+00,.6217E+00,.2074E-01
.1050E+04,.6537E+00,.6176E+00,.2056E-01
.1051E+04,.6542E+00,.6182E+00,.2054E-01
.1052E+04,.6502E+00,.6145E+00,.2037E-01
.1053E+04,.6482E+00,.6126E+00,.2026E-01
.1054E+04,.6455E+00,.6101E+00,.2014E-01
.1055E+04,.6475E+00,.6120E+00,.2015E-01
.1056E+04,.6455E+00,.6101E+00,.2004E-01
.1057E+04,.6439E+00,.6087E+00,.1995E-01
.1058E+04,.6372E+00,.6025E+00,.1970E-01
.1059E+04,.6178E+00,.5842E+00,.1906E-01
.1060E+04,.6349E+00,.6003E+00,.1955E-01
.1061E+04,.6203E+00,.5866E+00,.1907E-01
.1062E+04,.6317E+00,.5974E+00,.1937E-01
.1063E+04,.6215E+00,.5878E+00,.1902E-01
.1064E+04,.6310E+00,.5968E+00,.1927E-01
.1065E+04,.6282E+00,.5942E+00,.1913E-01
.1066E+04,.6162E+00,.5829E+00,.1874E-01
.1067E+04,.6194E+00,.5860E+00,.1879E-01
.1068E+04,.6185E+00,.5852E+00,.1872E-01
.1069E+04,.5854E+00,.5539E+00,.1769E-01
.1070E+04,.6038E+00,.5714E+00,.1819E-01
.1071E+04,.6157E+00,.5827E+00,.1855E-01
.1072E+04,.6145E+00,.5816E+00,.1845E-01
.1073E+04,.6028E+00,.5705E+00,.1807E-01
.1074E+04,.6207E+00,.5874E+00,.1861E-01
.1075E+04,.5917E+00,.5602E+00,.1759E-01
.1076E+04,.6138E+00,.5810E+00,.1832E-01
.1077E+04,.6035E+00,.5714E+00,.1791E-01
.1078E+04,.6024E+00,.5704E+00,.1782E-01
.1079E+04,.6039E+00,.5717E+00,.1793E-01
.1080E+04,.5964E+00,.5648E+00,.1758E-01
.1081E+04,.5800E+00,.5494E+00,.1703E-01
.1082E+04,.5886E+00,.5574E+00,.1733E-01
.1083E+04,.5973E+00,.5657E+00,.1757E-01
.1084E+04,.5775E+00,.5471E+00,.1681E-01
.1085E+04,.5925E+00,.5613E+00,.1731E-01
.1086E+04,.5535E+00,.5246E+00,.1593E-01
.1087E+04,.5662E+00,.5365E+00,.1643E-01
.1088E+04,.5923E+00,.5612E+00,.1723E-01
.1089E+04,.5784E+00,.5481E+00,.1669E-01
.1090E+04,.5550E+00,.5262E+00,.1589E-01
.1091E+04,.5875E+00,.5569E+00,.1696E-01
.1092E+04,.5804E+00,.5501E+00,.1674E-01
.1093E+04,.5098E+00,.4837E+00,.1434E-01
.1094E+04,.5389E+00,.5109E+00,.1545E-01
.1095E+04,.5197E+00,.4930E+00,.1463E-01
.1096E+04,.5025E+00,.4768E+00,.1401E-01
.1097E+04,.5777E+00,.5477E+00,.1651E-01
.1098E+04,.5024E+00,.4768E+00,.1394E-01
.1099E+04,.5070E+00,.4812E+00,.1408E-01
.1100E+04,.4851E+00,.4606E+00,.1328E-01
.1101E+04,.4963E+00,.4712E+00,.1361E-01
.1102E+04,.4680E+00,.4445E+00,.1273E-01
.1103E+04,.4656E+00,.4424E+00,.1258E-01
.1104E+04,.4662E+00,.4429E+00,.1258E-01
.1105E+04,.5059E+00,.4804E+00,.1385E-01
.1106E+04,.3960E+00,.3766E+00,.1031E-01
.1107E+04,.4813E+00,.4572E+00,.1302E-01
.1108E+04,.4131E+00,.3929E+00,.1084E-01
.1109E+04,.4125E+00,.3923E+00,.1083E-01
.1110E+04,.4785E+00,.4547E+00,.1284E-01
.1111E+04,.3314E+00,.3155E+00,.8388E-02
.1112E+04,.4133E+00,.3931E+00,.1081E-01
.1113E+04,.2684E+00,.2559E+00,.6549E-02
.1114E+04,.2997E+00,.2856E+00,.7378E-02
.1115E+04,.2498E+00,.2382E+00,.6049E-02
.1116E+04,.2012E+00,.1921E+00,.4665E-02
.1117E+04,.7943E-01,.7614E-01,.1607E-02
.1118E+04,.2174E+00,.2075E+00,.5095E-02
.1119E+04,.1130E+00,.1082E+00,.2430E-02
.1120E+04,.1417E+00,.1356E+00,.3074E-02
.1121E+04,.1856E+00,.1775E+00,.4154E-02
.1122E+04,.8150E-01,.7813E-01,.1646E-02
.1123E+04,.1280E+00,.1225E+00,.2747E-02
.1124E+04,.1086E+00,.1039E+00,.2304E-02
.1125E+04,.1441E+00,.1379E+00,.3128E-02
.1126E+04,.5142E-01,.4938E-01,.9716E-03
.1127E+04,.1571E+00,.1503E+00,.3425E-02
.1128E+04,.9901E-01,.9492E-01,.1997E-02
.1129E+04,.1057E+00,.1013E+00,.2150E-02
.1130E+04,.7038E-01,.6755E-01,.1361E-02
.1131E+04,.2953E+00,.2819E+00,.6921E-02
.1132E+04,.2339E+00,.2235E+00,.5328E-02
.1133E+04,.1531E+00,.1466E+00,.3255E-02
.1134E+04,.4159E-01,.3998E-01,.7559E-03
.1135E+04,.1541E-01,.1482E-01,.2755E-03
.1136E+04,.1285E+00,.1232E+00,.2643E-02
.1137E+04,.2875E+00,.2746E+00,.6619E-02
.1138E+04,.2031E+00,.1942E+00,.4527E-02
.1139E+04,.2984E+00,.2847E+00,.7075E-02
.1140E+04,.2558E+00,.2443E+00,.5882E-02
.1141E+04,.1932E+00,.1848E+00,.4270E-02
.1142E+04,.2247E+00,.2147E+00,.5051E-02
.1143E+04,.3116E+00,.2974E+00,.7275E-02
.1144E+04,.1131E+00,.1084E+00,.2346E-02
.1145E+04,.1458E+00,.1397E+00,.3028E-02
.1146E+04,.1574E+00,.1508E+00,.3274E-02
.1147E+04,.5899E-01,.5670E-01,.1072E-02
.1148E+04,.2710E+00,.2588E+00,.6195E-02
.1149E+04,.2184E+00,.2088E+00,.4831E-02
.1150E+04,.1215E+00,.1164E+00,.2509E-02
.1151E+04,.2032E+00,.1944E+00,.4416E-02
.1152E+04,.2475E+00,.2365E+00,.5533E-02
.1153E+04,.2381E+00,.2275E+00,.5364E-02
.1154E+04,.1423E+00,.1364E+00,.2882E-02
.1155E+04,.3130E+00,.2989E+00,.7225E-02
.1156E+04,.2807E+00,.2682E+00,.6371E-02
.1157E+04,.3144E+00,.3002E+00,.7258E-02
.1158E+04,.3115E+00,.2975E+00,.7174E-02
.1159E+04,.3367E+00,.3215E+00,.7863E-02
.1160E+04,.2863E+00,.2736E+00,.6520E-02
.1161E+04,.3473E+00,.3315E+00,.8173E-02
.1162E+04,.3498E+00,.3339E+00,.8192E-02
.1163E+04,.4672E+00,.4454E+00,.1144E-01
.1164E+04,.4016E+00,.3831E+00,.9605E-02
.1165E+04,.3859E+00,.3683E+00,.9084E-02
.1166E+04,.3747E+00,.3576E+00,.8858E-02
.1167E+04,.4096E+00,.3908E+00,.9774E-02
.1168E+04,.4177E+00,.3986E+00,.9940E-02
.1169E+04,.4214E+00,.4020E+00,.1008E-01
.1170E+04,.4576E+00,.4364E+00,.1105E-01
.1171E+04,.4469E+00,.4263E+00,.1073E-01
.1172E+04,.4544E+00,.4334E+00,.1095E-01
.1173E+04,.4553E+00,.4343E+00,.1093E-01
.1174E+04,.3348E+00,.3199E+00,.7626E-02
.1175E+04,.4512E+00,.4304E+00,.1083E-01
.1176E+04,.4763E+00,.4542E+00,.1157E-01
.1177E+04,.4712E+00,.4495E+00,.1133E-01
.1178E+04,.3599E+00,.3438E+00,.8300E-02
.1179E+04,.4832E+00,.4608E+00,.1168E-01
.1180E+04,.4403E+00,.4203E+00,.1042E-01
.1181E+04,.4541E+00,.4334E+00,.1077E-01
.1182E+04,.3231E+00,.3089E+00,.7279E-02
.1183E+04,.4380E+00,.4181E+00,.1039E-01
.1184E+04,.4195E+00,.4006E+00,.9806E-02
.1185E+04,.4071E+00,.3888E+00,.9422E-02
.1186E+04,.4765E+00,.4547E+00,.1131E-01
.1187E+04,.4554E+00,.4348E+00,.1070E-01
.1188E+04,.3349E+00,.3202E+00,.7477E-02
.1189E+04,.4153E+00,.3966E+00,.9687E-02
.1190E+04,.4619E+00,.4410E+00,.1087E-01
.1191E+04,.4461E+00,.4260E+00,.1036E-01
.1192E+04,.4729E+00,.4515E+00,.1111E-01
.1193E+04,.4539E+00,.4334E+00,.1058E-01
.1194E+04,.4684E+00,.4472E+00,.1095E-01
.1195E+04,.4464E+00,.4263E+00,.1033E-01
.1196E+04,.4308E+00,.4115E+00,.9887E-02
.1197E+04,.4767E+00,.4551E+00,.1115E-01
.1198E+04,.4335E+00,.4140E+00,.1002E-01
.1199E+04,.3649E+00,.3487E+00,.8201E-02
.1200E+04,.4478E+00,.4277E+00,.1032E-01
.1201E+04,.4370E+00,.4174E+00,.9983E-02
.1202E+04,.4367E+00,.4171E+00,.9984E-02
.1203E+04,.4335E+00,.4140E+00,.9911E-02
.1204E+04,.3622E+00,.3462E+00,.8046E-02
.1205E+04,.4365E+00,.4169E+00,.9952E-02
.1206E+04,.4803E+00,.4584E+00,.1112E-01
.1207E+04,.4294E+00,.4101E+00,.9703E-02
.1208E+04,.4326E+00,.4131E+00,.9822E-02
.1209E+04,.4139E+00,.3952E+00,.9400E-02
.1210E+04,.4529E+00,.4324E+00,.1034E-01
.1211E+04,.4214E+00,.4025E+00,.9520E-02
.1212E+04,.4244E+00,.4054E+00,.9509E-02
.1213E+04,.4690E+00,.4478E+00,.1071E-01
.1214E+04,.4334E+00,.4140E+00,.9724E-02
.1215E+04,.4270E+00,.4079E+00,.9538E-02
.1216E+04,.4657E+00,.4447E+00,.1058E-01
.1217E+04,.4548E+00,.4343E+00,.1027E-01
.1218E+04,.4585E+00,.4379E+00,.1035E-01
.1219E+04,.4461E+00,.4261E+00,.1001E-01
.1220E+04,.4575E+00,.4370E+00,.1029E-01
.1221E+04,.4647E+00,.4438E+00,.1048E-01
.1222E+04,.4509E+00,.4307E+00,.1010E-01
.1223E+04,.4435E+00,.4237E+00,.9903E-02
.1224E+04,.4477E+00,.4277E+00,.9962E-02
.1225E+04,.4618E+00,.4411E+00,.1034E-01
.1226E+04,.4676E+00,.4467E+00,.1047E-01
.1227E+04,.4325E+00,.4132E+00,.9565E-02
.1228E+04,.4660E+00,.4451E+00,.1042E-01
.1229E+04,.4666E+00,.4458E+00,.1040E-01
.1230E+04,.4595E+00,.4390E+00,.1021E-01
.1231E+04,.4714E+00,.4504E+00,.1052E-01
.1232E+04,.4657E+00,.4450E+00,.1037E-01
.1233E+04,.4534E+00,.4333E+00,.1000E-01
.1234E+04,.4696E+00,.4486E+00,.1043E-01
.1235E+04,.4645E+00,.4438E+00,.1029E-01
.1236E+04,.4685E+00,.4477E+00,.1037E-01
.1237E+04,.4628E+00,.4423E+00,.1020E-01
.1238E+04,.4674E+00,.4466E+00,.1031E-01
.1239E+04,.4621E+00,.4417E+00,.1018E-01
.1240E+04,.4602E+00,.4398E+00,.1012E-01
.1241E+04,.4614E+00,.4410E+00,.1011E-01
.1242E+04,.4619E+00,.4415E+00,.1012E-01
.1243E+04,.4570E+00,.4368E+00,.9993E-02
.1244E+04,.4547E+00,.4347E+00,.9920E-02
.1245E+04,.4560E+00,.4359E+00,.9934E-02
.1246E+04,.4589E+00,.4387E+00,.9980E-02
.1247E+04,.4569E+00,.4369E+00,.9915E-02
.1248E+04,.4580E+00,.4380E+00,.9913E-02
.1249E+04,.4591E+00,.4390E+00,.9927E-02
.1250E+04,.4565E+00,.4365E+00,.9848E-02
.1251E+04,.4520E+00,.4323E+00,.9723E-02
.1252E+04,.4504E+00,.4308E+00,.9686E-02
.1253E+04,.4472E+00,.4277E+00,.9575E-02
.1254E+04,.4431E+00,.4239E+00,.9451E-02
.1255E+04,.4502E+00,.4306E+00,.9623E-02
.1256E+04,.4397E+00,.4207E+00,.9337E-02
.1257E+04,.4348E+00,.4160E+00,.9208E-02
.1258E+04,.4444E+00,.4252E+00,.9432E-02
.1259E+04,.4268E+00,.4084E+00,.8971E-02
.1260E+04,.4306E+00,.4121E+00,.9045E-02
.1261E+04,.4110E+00,.3935E+00,.8530E-02
.1262E+04,.3953E+00,.3784E+00,.8144E-02
.1263E+04,.3998E+00,.3828E+00,.8221E-02
.1264E+04,.3711E+00,.3555E+00,.7513E-02
.1265E+04,.3953E+00,.3785E+00,.8105E-02
.1266E+04,.3849E+00,.3686E+00,.7816E-02
.1267E+04,.3878E+00,.3714E+00,.7906E-02
.1268E+04,.3701E+00,.3545E+00,.7463E-02
.1269E+04,.2462E+00,.2364E+00,.4506E-02
.1270E+04,.3870E+00,.3706E+00,.7837E-02
.1271E+04,.4078E+00,.3904E+00,.8345E-02
.1272E+04,.4083E+00,.3909E+00,.8352E-02
.1273E+04,.4058E+00,.3885E+00,.8276E-02
.1274E+04,.4057E+00,.3884E+00,.8272E-02
.1275E+04,.4119E+00,.3943E+00,.8401E-02
.1276E+04,.4165E+00,.3987E+00,.8497E-02
.1277E+04,.4195E+00,.4016E+00,.8563E-02
.1278E+04,.4271E+00,.4089E+00,.8741E-02
.1279E+04,.4241E+00,.4060E+00,.8660E-02
.1280E+04,.4216E+00,.4036E+00,.8595E-02
.1281E+04,.4129E+00,.3953E+00,.8421E-02
.1282E+04,.3726E+00,.3567E+00,.7613E-02
.1283E+04,.4068E+00,.3895E+00,.8294E-02
.1284E+04,.4203E+00,.4024E+00,.8547E-02
.1285E+04,.4235E+00,.4055E+00,.8602E-02
.1286E+04,.4266E+00,.4085E+00,.8667E-02
.1287E+04,.4216E+00,.4038E+00,.8522E-02
.1288E+04,.4194E+00,.4017E+00,.8469E-02
.1289E+04,.4086E+00,.3914E+00,.8183E-02
.1290E+04,.4124E+00,.3950E+00,.8301E-02
.1291E+04,.4174E+00,.3998E+00,.8396E-02
.1292E+04,.3952E+00,.3787E+00,.7835E-02
.1293E+04,.4121E+00,.3948E+00,.8236E-02
.1294E+04,.4038E+00,.3868E+00,.8049E-02
.1295E+04,.4042E+00,.3873E+00,.8025E-02
.1296E+04,.3884E+00,.3723E+00,.7631E-02
.1297E+04,.3702E+00,.3549E+00,.7204E-02
.1298E+04,.3913E+00,.3750E+00,.7706E-02
.1299E+04,.4081E+00,.3910E+00,.8083E-02
.1300E+04,.3514E+00,.3370E+00,.6753E-02
.1301E+04,.3619E+00,.3471E+00,.6986E-02
.1302E+04,.3907E+00,.3745E+00,.7652E-02
.1303E+04,.3459E+00,.3318E+00,.6628E-02
.1304E+04,.2987E+00,.2867E+00,.5549E-02
.1305E+04,.3834E+00,.3676E+00,.7450E-02
.1306E+04,.3841E+00,.3683E+00,.7446E-02
.1307E+04,.3057E+00,.2934E+00,.5691E-02
.1308E+04,.3461E+00,.3320E+00,.6589E-02
.1309E+04,.3833E+00,.3676E+00,.7384E-02
.1310E+04,.3009E+00,.2889E+00,.5564E-02
.1311E+04,.3334E+00,.3199E+00,.6278E-02
.1312E+04,.3319E+00,.3185E+00,.6224E-02
.1313E+04,.3133E+00,.3007E+00,.5835E-02
.1314E+04,.2878E+00,.2764E+00,.5264E-02
.1315E+04,.2856E+00,.2743E+00,.5203E-02
.1316E+04,.3239E+00,.3109E+00,.6031E-02
.1317E+04,.3120E+00,.2995E+00,.5761E-02
.1318E+04,.3330E+00,.3196E+00,.6220E-02
.1319E+04,.2684E+00,.2579E+00,.4796E-02
.1320E+04,.2586E+00,.2485E+00,.4625E-02
.1321E+04,.2985E+00,.2867E+00,.5434E-02
.1322E+04,.3019E+00,.2901E+00,.5478E-02
.1323E+04,.2327E+00,.2237E+00,.4036E-02
.1324E+04,.2623E+00,.2522E+00,.4648E-02
.1325E+04,.3220E+00,.3092E+00,.5898E-02
.1326E+04,.2803E+00,.2694E+00,.5010E-02
.1327E+04,.2661E+00,.2558E+00,.4716E-02
.1328E+04,.2344E+00,.2254E+00,.4074E-02
.1329E+04,.1775E+00,.1709E+00,.2949E-02
.1330E+04,.2291E+00,.2204E+00,.3905E-02
.1331E+04,.1447E+00,.1394E+00,.2292E-02
.1332E+04,.1457E+00,.1404E+00,.2339E-02
.1333E+04,.2029E+00,.1954E+00,.3345E-02
.1334E+04,.1692E+00,.1629E+00,.2788E-02
.1335E+04,.2310E+00,.2223E+00,.3934E-02
.1336E+04,.1834E+00,.1766E+00,.3020E-02
.1337E+04,.1644E+00,.1584E+00,.2657E-02
.1338E+04,.1779E+00,.1714E+00,.2888E-02
.1339E+04,.1767E+00,.1702E+00,.2877E-02
.1340E+04,.1682E+00,.1621E+00,.2749E-02
.1341E+04,.1703E+00,.1641E+00,.2723E-02
.1342E+04,.1779E+00,.1714E+00,.2853E-02
.1343E+04,.1269E+00,.1225E+00,.1880E-02
.1344E+04,.7556E-01,.7299E-01,.1089E-02
.1345E+04,.1089E+00,.1052E+00,.1608E-02
.1346E+04,.5805E-01,.5618E-01,.7617E-03
.1347E+04,.5997E-01,.5805E-01,.7759E-03
.1348E+04,.4719E-02,.4587E-02,.4570E-04
.1349E+04,.1608E-01,.1562E-01,.1703E-03
.1350E+04,.1596E-01,.1549E-01,.1764E-03
.1351E+04,.4600E-02,.4478E-02,.4071E-04
.1352E+04,.1504E-02,.1467E-02,.1063E-04
.1353E+04,.9514E-04,.9303E-04,.5162E-06
.1354E+04,.2875E-03,.2808E-03,.1828E-05
.1355E+04,.3562E-05,.3491E-05,.1345E-07
.1356E+04,.4759E-04,.4655E-04,.2514E-06
.1357E+04,.7107E-04,.6951E-04,.3783E-06
.1358E+04,.4148E-05,.4065E-05,.1593E-07
.1359E+04,.7254E-06,.7121E-06,.1858E-08
.1360E+04,.2116E-05,.2075E-05,.7035E-08
.1361E+04,.4751E-08,.4673E-08,.6099E-11
.1362E+04,.1784E-10,.1756E-10,.1343E-13
.1363E+04,.3119E-05,.3061E-05,.9287E-08
.1364E+04,.1343E-05,.1318E-05,.3845E-08
.1365E+04,.8962E-11,.8826E-11,.2713E-14
.1366E+04,.1264E-04,.1240E-04,.4184E-07
.1367E+04,.4920E-05,.4825E-05,.1717E-07
.1368E+04,.1461E-12,.1440E-12,.6512E-17
.1369E+04,.5105E-06,.5012E-06,.1410E-08
.1370E+04,.2885E-06,.2834E-06,.6675E-09
.1371E+04,.1949E-07,.1916E-07,.3545E-10
.1372E+04,.2719E-05,.2667E-05,.9392E-08
.1373E+04,.4394E-04,.4305E-04,.1995E-06
.1374E+04,.1775E-03,.1737E-03,.9641E-06
.1375E+04,.3203E-03,.3134E-03,.1743E-05
.1376E+04,.2553E-03,.2496E-03,.1582E-05
.1377E+04,.1216E-03,.1190E-03,.7207E-06
.1378E+04,.1100E-02,.1075E-02,.7186E-05
.1379E+04,.5170E-04,.5058E-04,.3020E-06
.1380E+04,.8082E-04,.7913E-04,.4264E-06
.1381E+04,.2348E-05,.2301E-05,.1094E-07
.1382E+04,.2538E-05,.2492E-05,.8236E-08
.1383E+04,.4351E-07,.4275E-07,.1186E-09
.1384E+04,.6097E-06,.5993E-06,.1536E-08
.1385E+04,.2068E-05,.2029E-05,.8014E-08
.1386E+04,.2493E-05,.2449E-05,.7160E-08
.1387E+04,.1970E-03,.1931E-03,.9537E-06
.1388E+04,.3987E-05,.3909E-05,.1858E-07
.1389E+04,.5759E-03,.5639E-03,.3370E-05
.1390E+04,.4890E-03,.4788E-03,.2855E-05
.1391E+04,.3408E-03,.3338E-03,.1901E-05
.1392E+04,.2356E-04,.2309E-04,.1214E-06
.1393E+04,.1148E-03,.1125E-03,.6548E-06
.1394E+04,.7477E-04,.7338E-04,.3229E-06
.1395E+04,.6641E-06,.6526E-06,.2266E-08
.1396E+04,.6246E-08,.6154E-08,.8638E-11
.1397E+04,.4861E-04,.4766E-04,.2560E-06
.1398E+04,.1260E-02,.1234E-02,.7880E-05
.1399E+04,.8057E-03,.7890E-03,.5019E-05
.1400E+04,.3208E-08,.3163E-08,.3310E-11
.1401E+04,.1040E-07,.1025E-07,.1575E-10
.1402E+04,.1824E-02,.1782E-02,.1426E-04
.1403E+04,.2364E-02,.2312E-02,.1779E-04
.1404E+04,.7338E-03,.7179E-03,.5354E-05
.1405E+04,.3605E-06,.3547E-06,.1047E-08
.1406E+04,.2030E-02,.1987E-02,.1392E-04
.1407E+04,.1733E-03,.1697E-03,.1213E-05
.1408E+04,.1637E-02,.1603E-02,.1130E-04
.1409E+04,.6142E-03,.6021E-03,.3686E-05
.1410E+04,.4630E-03,.4537E-03,.2988E-05
.1411E+04,.2100E-02,.2055E-02,.1572E-04
.1412E+04,.2624E-02,.2566E-02,.2089E-04
.1413E+04,.2326E-01,.2269E-01,.2325E-03
.1414E+04,.3611E-03,.3538E-03,.2349E-05
.1415E+04,.1822E-03,.1787E-03,.1107E-05
.1416E+04,.3547E-01,.3456E-01,.3960E-03
.1417E+04,.1171E-01,.1143E-01,.1126E-03
.1418E+04,.1350E-01,.1318E-01,.1286E-03
.1419E+04,.2134E-02,.2085E-02,.1912E-04
.1420E+04,.8236E-02,.8044E-02,.7693E-04
.1421E+04,.9123E-02,.8913E-02,.8486E-04
.1422E+04,.4620E-01,.4502E-01,.5204E-03
.1423E+04,.9190E-02,.8967E-02,.9510E-04
.1424E+04,.1693E-01,.1651E-01,.1807E-03
.1425E+04,.2577E-01,.2514E-01,.2723E-03
.1426E+04,.2772E-01,.2703E-01,.3070E-03
.1427E+04,.4946E-01,.4817E-01,.5909E-03
.1428E+04,.4535E-02,.4437E-02,.3835E-04
.1429E+04,.3794E-01,.3698E-01,.4320E-03
.1430E+04,.6151E-01,.5989E-01,.7509E-03
.1431E+04,.5006E-01,.4878E-01,.5852E-03
.1432E+04,.2505E-02,.2453E-02,.1954E-04
.1433E+04,.3576E-01,.3486E-01,.4058E-03
.1434E+04,.2092E-01,.2040E-01,.2322E-03
.1435E+04,.2134E-01,.2085E-01,.2151E-03
.1436E+04,.3825E-01,.3732E-01,.4196E-03
.1437E+04,.2981E-01,.2908E-01,.3247E-03
.1438E+04,.1322E-01,.1291E-01,.1325E-03
.1439E+04,.5092E-01,.4966E-01,.5735E-03
.1440E+04,.3951E-01,.3854E-01,.4427E-03
.1441E+04,.3171E-01,.3095E-01,.3379E-03
.1442E+04,.3622E-01,.3535E-01,.3911E-03
.1443E+04,.4498E-01,.4386E-01,.5163E-03
.1444E+04,.6169E-01,.6012E-01,.7285E-03
.1445E+04,.4964E-01,.4842E-01,.5589E-03
.1446E+04,.2304E-01,.2249E-01,.2456E-03
.1447E+04,.3613E-01,.3526E-01,.3926E-03
.1448E+04,.1156E+00,.1125E+00,.1488E-02
.1449E+04,.1020E+00,.9934E-01,.1279E-02
.1450E+04,.2735E-01,.2669E-01,.2950E-03
.1451E+04,.1124E-01,.1098E-01,.1133E-03
.1452E+04,.6227E-01,.6070E-01,.7368E-03
.1453E+04,.8187E-01,.7977E-01,.9934E-03
.1454E+04,.1375E+00,.1338E+00,.1810E-02
.1455E+04,.6607E-01,.6438E-01,.8018E-03
.1456E+04,.8839E-01,.8613E-01,.1073E-02
.1457E+04,.1169E+00,.1138E+00,.1492E-02
.1458E+04,.1363E+00,.1327E+00,.1807E-02
.1459E+04,.1629E+00,.1585E+00,.2171E-02
.1460E+04,.8535E-01,.8312E-01,.1068E-02
.1461E+04,.9017E-01,.8785E-01,.1105E-02
.1462E+04,.1305E+00,.1270E+00,.1677E-02
.1463E+04,.4316E-01,.4209E-01,.4972E-03
.1464E+04,.1517E+00,.1476E+00,.2010E-02
.1465E+04,.9333E-01,.9087E-01,.1192E-02
.1466E+04,.6510E-01,.6348E-01,.7584E-03
.1467E+04,.3598E-01,.3512E-01,.3867E-03
.1468E+04,.7684E-01,.7490E-01,.9147E-03
.1469E+04,.9474E-01,.9231E-01,.1158E-02
.1470E+04,.4958E-01,.4838E-01,.5448E-03
.1471E+04,.1780E-01,.1739E-01,.1831E-03
.1472E+04,.4668E-01,.4555E-01,.5084E-03
.1473E+04,.7010E-01,.6834E-01,.8180E-03
.1474E+04,.9726E-01,.9472E-01,.1211E-02
.1475E+04,.1845E+00,.1795E+00,.2472E-02
.1476E+04,.6870E-01,.6696E-01,.8117E-03
.1477E+04,.6964E-01,.6789E-01,.8117E-03
.1478E+04,.6342E-01,.6180E-01,.7574E-03
.1479E+04,.1199E+00,.1167E+00,.1517E-02
.1480E+04,.6056E-01,.5904E-01,.6983E-03
.1481E+04,.1152E+00,.1122E+00,.1441E-02
.1482E+04,.5843E-01,.5695E-01,.6859E-03
.1483E+04,.1485E+00,.1445E+00,.1911E-02
.1484E+04,.1374E+00,.1337E+00,.1778E-02
.1485E+04,.1249E+00,.1216E+00,.1581E-02
.1486E+04,.1233E+00,.1200E+00,.1546E-02
.1487E+04,.6055E-01,.5902E-01,.6891E-03
.1488E+04,.9411E-01,.9161E-01,.1166E-02
.1489E+04,.1896E+00,.1843E+00,.2529E-02
.1490E+04,.1747E+00,.1698E+00,.2323E-02
.1491E+04,.1977E+00,.1921E+00,.2682E-02
.1492E+04,.1643E+00,.1598E+00,.2134E-02
.1493E+04,.1814E+00,.1764E+00,.2392E-02
.1494E+04,.2019E+00,.1963E+00,.2721E-02
.1495E+04,.1824E+00,.1774E+00,.2426E-02
.1496E+04,.1684E+00,.1638E+00,.2220E-02
.1497E+04,.2271E+00,.2206E+00,.3143E-02
.1498E+04,.1896E+00,.1843E+00,.2539E-02
.1499E+04,.2175E+00,.2113E+00,.2963E-02
.1500E+04,.2504E+00,.2432E+00,.3490E-02
.1501E+04,.2643E+00,.2567E+00,.3694E-02
.1502E+04,.2334E+00,.2267E+00,.3218E-02
.1503E+04,.1848E+00,.1796E+00,.2479E-02
.1504E+04,.1602E+00,.1558E+00,.2085E-02
.1505E+04,.1829E+00,.1777E+00,.2440E-02
.1506E+04,.2572E+00,.2498E+00,.3599E-02
.1507E+04,.2538E+00,.2466E+00,.3518E-02
.1508E+04,.2429E+00,.2359E+00,.3353E-02
.1509E+04,.1860E+00,.1808E+00,.2455E-02
.1510E+04,.2701E+00,.2623E+00,.3771E-02
.1511E+04,.2640E+00,.2564E+00,.3657E-02
.1512E+04,.2600E+00,.2525E+00,.3612E-02
.1513E+04,.2411E+00,.2342E+00,.3289E-02
.1514E+04,.2247E+00,.2183E+00,.3029E-02
.1515E+04,.2653E+00,.2576E+00,.3684E-02
.1516E+04,.2561E+00,.2488E+00,.3533E-02
.1517E+04,.2488E+00,.2417E+00,.3407E-02
.1518E+04,.2515E+00,.2443E+00,.3441E-02
.1519E+04,.2434E+00,.2365E+00,.3311E-02
.1520E+04,.2639E+00,.2563E+00,.3629E-02
.1521E+04,.2748E+00,.2669E+00,.3831E-02
.1522E+04,.2632E+00,.2556E+00,.3629E-02
.1523E+04,.2798E+00,.2717E+00,.3894E-02
.1524E+04,.2752E+00,.2673E+00,.3804E-02
.1525E+04,.2581E+00,.2508E+00,.3535E-02
.1526E+04,.2668E+00,.2592E+00,.3654E-02
.1527E+04,.2618E+00,.2543E+00,.3580E-02
.1528E+04,.2791E+00,.2710E+00,.3854E-02
.1529E+04,.2722E+00,.2644E+00,.3738E-02
.1530E+04,.2545E+00,.2473E+00,.3482E-02
.1531E+04,.2692E+00,.2615E+00,.3680E-02
.1532E+04,.2782E+00,.2702E+00,.3825E-02
.1533E+04,.2769E+00,.2690E+00,.3804E-02
.1534E+04,.2687E+00,.2611E+00,.3677E-02
.1535E+04,.2666E+00,.2591E+00,.3633E-02
.1536E+04,.2744E+00,.2666E+00,.3747E-02
.1537E+04,.2731E+00,.2654E+00,.3719E-02
.1538E+04,.2718E+00,.2641E+00,.3713E-02
.1539E+04,.2727E+00,.2650E+00,.3709E-02
.1540E+04,.2647E+00,.2572E+00,.3597E-02
.1541E+04,.2688E+00,.2612E+00,.3647E-02
.1542E+04,.2691E+00,.2615E+00,.3638E-02
.1543E+04,.2719E+00,.2642E+00,.3679E-02
.1544E+04,.2719E+00,.2643E+00,.3669E-02
.1545E+04,.2768E+00,.2690E+00,.3742E-02
.1546E+04,.2746E+00,.2669E+00,.3702E-02
.1547E+04,.2729E+00,.2652E+00,.3679E-02
.1548E+04,.2665E+00,.2590E+00,.3589E-02
.1549E+04,.2732E+00,.2655E+00,.3677E-02
.1550E+04,.2697E+00,.2621E+00,.3623E-02
.1551E+04,.2704E+00,.2628E+00,.3625E-02
.1552E+04,.2716E+00,.2640E+00,.3631E-02
.1553E+04,.2711E+00,.2635E+00,.3626E-02
.1554E+04,.2645E+00,.2571E+00,.3531E-02
.1555E+04,.2674E+00,.2599E+00,.3566E-02
.1556E+04,.2629E+00,.2555E+00,.3500E-02
.1557E+04,.2704E+00,.2628E+00,.3595E-02
.1558E+04,.2683E+00,.2608E+00,.3562E-02
.1559E+04,.2679E+00,.2604E+00,.3551E-02
.1560E+04,.2655E+00,.2580E+00,.3514E-02
.1561E+04,.2698E+00,.2622E+00,.3567E-02
.1562E+04,.2674E+00,.2599E+00,.3527E-02
.1563E+04,.2665E+00,.2590E+00,.3512E-02
.1564E+04,.2624E+00,.2551E+00,.3453E-02
.1565E+04,.2671E+00,.2596E+00,.3512E-02
.1566E+04,.2622E+00,.2549E+00,.3442E-02
.1567E+04,.2629E+00,.2555E+00,.3445E-02
.1568E+04,.2570E+00,.2498E+00,.3356E-02
.1569E+04,.2543E+00,.2472E+00,.3302E-02
.1570E+04,.2416E+00,.2348E+00,.3102E-02
.1571E+04,.2349E+00,.2284E+00,.2979E-02
.1572E+04,.2376E+00,.2309E+00,.3016E-02
.1573E+04,.2339E+00,.2274E+00,.2964E-02
.1574E+04,.2413E+00,.2345E+00,.3078E-02
.1575E+04,.2396E+00,.2328E+00,.3088E-02
.1576E+04,.2466E+00,.2396E+00,.3158E-02
.1577E+04,.2159E+00,.2098E+00,.2736E-02
.1578E+04,.2350E+00,.2284E+00,.2977E-02
.1579E+04,.2365E+00,.2299E+00,.2986E-02
.1580E+04,.2444E+00,.2376E+00,.3099E-02
.1581E+04,.2485E+00,.2415E+00,.3155E-02
.1582E+04,.2418E+00,.2349E+00,.3075E-02
.1583E+04,.2474E+00,.2404E+00,.3148E-02
.1584E+04,.2488E+00,.2418E+00,.3176E-02
.1585E+04,.2585E+00,.2512E+00,.3303E-02
.1586E+04,.2555E+00,.2482E+00,.3261E-02
.1587E+04,.2528E+00,.2456E+00,.3225E-02
.1588E+04,.2509E+00,.2437E+00,.3203E-02
.1589E+04,.2321E+00,.2255E+00,.2961E-02
.1590E+04,.2416E+00,.2347E+00,.3075E-02
.1591E+04,.2418E+00,.2349E+00,.3075E-02
.1592E+04,.2521E+00,.2449E+00,.3198E-02
.1593E+04,.2581E+00,.2508E+00,.3274E-02
.1594E+04,.2560E+00,.2487E+00,.3240E-02
.1595E+04,.2580E+00,.2507E+00,.3263E-02
.1596E+04,.2443E+00,.2374E+00,.3084E-02
.1597E+04,.2467E+00,.2397E+00,.3106E-02
.1598E+04,.2540E+00,.2468E+00,.3192E-02
.1599E+04,.2418E+00,.2350E+00,.3019E-02
.1600E+04,.2379E+00,.2312E+00,.2948E-02
.1601E+04,.2231E+00,.2168E+00,.2739E-02
.1602E+04,.2240E+00,.2177E+00,.2739E-02
.1603E+04,.2238E+00,.2175E+00,.2732E-02
.1604E+04,.2282E+00,.2218E+00,.2792E-02
.1605E+04,.2366E+00,.2300E+00,.2922E-02
.1606E+04,.2412E+00,.2344E+00,.2986E-02
.1607E+04,.2328E+00,.2262E+00,.2860E-02
.1608E+04,.2297E+00,.2233E+00,.2799E-02
.1609E+04,.2271E+00,.2207E+00,.2759E-02
.1610E+04,.2174E+00,.2113E+00,.2650E-02
.1611E+04,.2266E+00,.2203E+00,.2765E-02
.1612E+04,.2306E+00,.2241E+00,.2819E-02
.1613E+04,.2370E+00,.2303E+00,.2899E-02
.1614E+04,.2382E+00,.2315E+00,.2919E-02
.1615E+04,.2409E+00,.2340E+00,.2953E-02
.1616E+04,.2303E+00,.2238E+00,.2824E-02
.1617E+04,.2345E+00,.2278E+00,.2872E-02
.1618E+04,.2433E+00,.2364E+00,.2980E-02
.1619E+04,.2408E+00,.2340E+00,.2943E-02
.1620E+04,.2343E+00,.2277E+00,.2864E-02
.1621E+04,.2341E+00,.2275E+00,.2858E-02
.1622E+04,.2373E+00,.2306E+00,.2893E-02
.1623E+04,.2423E+00,.2354E+00,.2950E-02
.1624E+04,.2425E+00,.2356E+00,.2947E-02
.1625E+04,.2376E+00,.2309E+00,.2884E-02
.1626E+04,.2395E+00,.2328E+00,.2902E-02
.1627E+04,.2406E+00,.2338E+00,.2912E-02
.1628E+04,.2410E+00,.2343E+00,.2912E-02
.1629E+04,.2412E+00,.2344E+00,.2911E-02
.1630E+04,.2363E+00,.2297E+00,.2847E-02
.1631E+04,.2378E+00,.2311E+00,.2858E-02
.1632E+04,.2380E+00,.2313E+00,.2859E-02
.1633E+04,.2324E+00,.2259E+00,.2780E-02
.1634E+04,.2326E+00,.2261E+00,.2788E-02
.1635E+04,.2334E+00,.2268E+00,.2783E-02
.1636E+04,.2351E+00,.2286E+00,.2807E-02
.1637E+04,.2268E+00,.2205E+00,.2706E-02
.1638E+04,.2197E+00,.2136E+00,.2600E-02
.1639E+04,.2201E+00,.2139E+00,.2615E-02
.1640E+04,.2147E+00,.2088E+00,.2525E-02
.1641E+04,.2194E+00,.2133E+00,.2593E-02
.1642E+04,.2207E+00,.2145E+00,.2608E-02
.1643E+04,.2148E+00,.2089E+00,.2509E-02
.1644E+04,.2234E+00,.2172E+00,.2636E-02
.1645E+04,.2179E+00,.2119E+00,.2555E-02
.1646E+04,.2170E+00,.2110E+00,.2529E-02
.1647E+04,.2275E+00,.2212E+00,.2676E-02
.1648E+04,.2160E+00,.2101E+00,.2509E-02
.1649E+04,.2184E+00,.2124E+00,.2553E-02
.1650E+04,.2251E+00,.2188E+00,.2632E-02
.1651E+04,.2080E+00,.2023E+00,.2397E-02
.1652E+04,.2236E+00,.2174E+00,.2605E-02
.1653E+04,.2226E+00,.2165E+00,.2594E-02
.1654E+04,.2153E+00,.2095E+00,.2484E-02
.1655E+04,.2221E+00,.2160E+00,.2584E-02
.1656E+04,.2207E+00,.2147E+00,.2555E-02
.1657E+04,.2220E+00,.2159E+00,.2571E-02
.1658E+04,.2247E+00,.2186E+00,.2607E-02
.1659E+04,.2210E+00,.2149E+00,.2558E-02
.1660E+04,.2231E+00,.2170E+00,.2580E-02
.1661E+04,.2237E+00,.2176E+00,.2580E-02
.1662E+04,.2188E+00,.2129E+00,.2512E-02
.1663E+04,.2222E+00,.2161E+00,.2559E-02
.1664E+04,.2208E+00,.2148E+00,.2537E-02
.1665E+04,.2113E+00,.2056E+00,.2403E-02
.1666E+04,.1776E+00,.1729E+00,.1946E-02
.1667E+04,.2102E+00,.2046E+00,.2384E-02
.1668E+04,.2143E+00,.2086E+00,.2448E-02
.1669E+04,.2150E+00,.2092E+00,.2449E-02
.1670E+04,.2215E+00,.2156E+00,.2526E-02
.1671E+04,.2186E+00,.2127E+00,.2485E-02
.1672E+04,.2113E+00,.2057E+00,.2402E-02
.1673E+04,.2161E+00,.2104E+00,.2456E-02
.1674E+04,.2155E+00,.2098E+00,.2436E-02
.1675E+04,.2134E+00,.2077E+00,.2411E-02
.1676E+04,.2113E+00,.2057E+00,.2387E-02
.1677E+04,.2121E+00,.2065E+00,.2388E-02
.1678E+04,.2089E+00,.2034E+00,.2340E-02
.1679E+04,.2129E+00,.2073E+00,.2399E-02
.1680E+04,.2054E+00,.2000E+00,.2310E-02
.1681E+04,.1942E+00,.1891E+00,.2172E-02
.1682E+04,.2035E+00,.1982E+00,.2285E-02
.1683E+04,.2089E+00,.2034E+00,.2342E-02
.1684E+04,.1976E+00,.1925E+00,.2176E-02
.1685E+04,.2130E+00,.2075E+00,.2382E-02
.1686E+04,.2101E+00,.2046E+00,.2346E-02
.1687E+04,.2045E+00,.1992E+00,.2265E-02
.1688E+04,.2099E+00,.2045E+00,.2336E-02
.1689E+04,.2070E+00,.2016E+00,.2300E-02
.1690E+04,.2051E+00,.1997E+00,.2270E-02
.1691E+04,.1924E+00,.1874E+00,.2091E-02
.1692E+04,.2069E+00,.2016E+00,.2280E-02
.1693E+04,.2112E+00,.2057E+00,.2336E-02
.1694E+04,.2045E+00,.1992E+00,.2245E-02
.1695E+04,.2095E+00,.2041E+00,.2309E-02
.1696E+04,.2091E+00,.2037E+00,.2303E-02
.1697E+04,.1802E+00,.1757E+00,.1924E-02
.1698E+04,.2072E+00,.2019E+00,.2273E-02
.1699E+04,.2053E+00,.2001E+00,.2249E-02
.1700E+04,.1995E+00,.1944E+00,.2175E-02
.1702E+04,.2038E+00,.1986E+00,.2225E-02
.1705E+04,.1975E+00,.1925E+00,.2138E-02
.1710E+04,.1875E+00,.1828E+00,.2007E-02
.1715E+04,.1895E+00,.1848E+00,.2017E-02
.1720E+04,.1868E+00,.1822E+00,.1979E-02
.1725E+04,.1774E+00,.1730E+00,.1851E-02
.1730E+04,.1739E+00,.1696E+00,.1805E-02
.1735E+04,.1614E+00,.1574E+00,.1663E-02
.1740E+04,.1680E+00,.1639E+00,.1720E-02
.1745E+04,.1547E+00,.1509E+00,.1563E-02
.1750E+04,.1651E+00,.1611E+00,.1672E-02
.1755E+04,.1529E+00,.1492E+00,.1524E-02
.1760E+04,.1591E+00,.1552E+00,.1587E-02
.1765E+04,.1328E+00,.1296E+00,.1287E-02
.1770E+04,.1416E+00,.1382E+00,.1372E-02
.1775E+04,.1148E+00,.1120E+00,.1075E-02
.1780E+04,.1004E+00,.9808E-01,.9186E-03
.1785E+04,.7693E-01,.7515E-01,.6738E-03
.1790E+04,.8882E-01,.8675E-01,.7853E-03
.1795E+04,.4688E-01,.4584E-01,.3690E-03
.1800E+04,.3180E-01,.3110E-01,.2500E-03
.1805E+04,.1478E-01,.1448E-01,.9760E-04
.1810E+04,.9673E-02,.9475E-02,.6337E-04
.1815E+04,.3271E-02,.3210E-02,.1708E-04
.1820E+04,.9838E-03,.9662E-03,.4377E-05
.1825E+04,.1270E-02,.1247E-02,.5703E-05
.1830E+04,.5177E-05,.5097E-05,.1223E-07
.1835E+04,.6391E-05,.6288E-05,.1930E-07
.1840E+04,.6236E-07,.6147E-07,.1009E-09
.1845E+04,.6231E-05,.6142E-05,.1112E-07
.1850E+04,.2983E-05,.2941E-05,.4983E-08
.1855E+04,.2824E-06,.2785E-06,.4790E-09
.1860E+04,.1110E-04,.1093E-04,.3055E-07
.1865E+04,.1690E-04,.1667E-04,.4211E-07
.1870E+04,.2652E-09,.2624E-09,.1478E-12
.1875E+04,.4489E-09,.4445E-09,.2717E-12
.1880E+04,.7716E-04,.7620E-04,.2381E-06
.1885E+04,.4369E-04,.4318E-04,.1267E-06
.1890E+04,.2224E-03,.2198E-03,.7015E-06
.1895E+04,.1289E-03,.1275E-03,.4148E-06
.1900E+04,.8579E-06,.8507E-06,.1626E-08
.1905E+04,.5639E-06,.5590E-06,.1122E-08
.1910E+04,.2294E-04,.2276E-04,.5679E-07
.1915E+04,.1986E-04,.1969E-04,.5743E-07
.1920E+04,.4489E-03,.4448E-03,.1575E-05
.1925E+04,.9330E-03,.9237E-03,.3838E-05
.1930E+04,.5505E-03,.5450E-03,.2224E-05
.1935E+04,.3584E-02,.3543E-02,.1789E-04
.1940E+04,.3275E-02,.3236E-02,.1766E-04
.1945E+04,.1085E-01,.1070E-01,.6493E-04
.1950E+04,.1670E-01,.1648E-01,.1036E-03
.1955E+04,.1002E-01,.9886E-02,.5491E-04
.1960E+04,.2188E-01,.2156E-01,.1388E-03
.1965E+04,.2853E-01,.2811E-01,.1867E-03
.1970E+04,.4881E-01,.4803E-01,.3464E-03
.1975E+04,.6782E-01,.6670E-01,.5088E-03
.1980E+04,.7476E-01,.7349E-01,.5741E-03
.1985E+04,.8236E-01,.8092E-01,.6417E-03
.1990E+04,.8557E-01,.8407E-01,.6667E-03
.1995E+04,.8115E-01,.7974E-01,.6244E-03
.2000E+04,.3811E-01,.3748E-01,.2725E-03
.2005E+04,.1497E-01,.1475E-01,.9029E-04
.2010E+04,.3970E-01,.3906E-01,.2813E-03
.2015E+04,.2647E-01,.2607E-01,.1746E-03
.2020E+04,.4483E-01,.4412E-01,.3257E-03
.2025E+04,.7396E-01,.7274E-01,.5897E-03
.2030E+04,.8461E-01,.8323E-01,.6933E-03
.2035E+04,.9633E-01,.9475E-01,.8065E-03
.2040E+04,.8949E-01,.8806E-01,.7372E-03
.2045E+04,.9089E-01,.8946E-01,.7464E-03
.2050E+04,.6788E-01,.6686E-01,.5254E-03
.2055E+04,.5480E-01,.5400E-01,.4059E-03
.2060E+04,.6911E-01,.6809E-01,.5355E-03
.2065E+04,.6181E-01,.6092E-01,.4676E-03
.2070E+04,.6554E-01,.6460E-01,.5003E-03
.2075E+04,.7739E-01,.7626E-01,.6085E-03
.2080E+04,.8676E-01,.8548E-01,.6981E-03
.2085E+04,.8505E-01,.8380E-01,.6803E-03
.2090E+04,.8905E-01,.8772E-01,.7168E-03
.2095E+04,.8970E-01,.8836E-01,.7231E-03
.2100E+04,.8608E-01,.8481E-01,.6867E-03
.2105E+04,.9308E-01,.9169E-01,.7499E-03
.2110E+04,.8957E-01,.8823E-01,.7157E-03
.2115E+04,.9161E-01,.9024E-01,.7334E-03
.2120E+04,.8751E-01,.8620E-01,.6938E-03
.2125E+04,.8857E-01,.8723E-01,.7024E-03
.2130E+04,.8972E-01,.8836E-01,.7109E-03
.2135E+04,.8999E-01,.8862E-01,.7120E-03
.2140E+04,.9072E-01,.8933E-01,.7161E-03
.2145E+04,.8943E-01,.8807E-01,.7029E-03
.2150E+04,.8458E-01,.8330E-01,.6557E-03
.2155E+04,.8478E-01,.8349E-01,.6559E-03
.2160E+04,.8410E-01,.8283E-01,.6487E-03
.2165E+04,.7625E-01,.7511E-01,.5837E-03
.2170E+04,.8193E-01,.8071E-01,.6280E-03
.2175E+04,.8037E-01,.7918E-01,.6104E-03
.2180E+04,.8174E-01,.8052E-01,.6217E-03
.2185E+04,.7450E-01,.7340E-01,.5567E-03
.2190E+04,.7901E-01,.7783E-01,.5944E-03
.2195E+04,.7894E-01,.7777E-01,.5910E-03
.2200E+04,.7093E-01,.6990E-01,.5190E-03
.2205E+04,.7385E-01,.7278E-01,.5446E-03
.2210E+04,.7926E-01,.7811E-01,.5896E-03
.2215E+04,.7615E-01,.7506E-01,.5604E-03
.2220E+04,.7763E-01,.7653E-01,.5711E-03
.2225E+04,.7535E-01,.7429E-01,.5504E-03
.2230E+04,.7565E-01,.7460E-01,.5508E-03
.2235E+04,.7417E-01,.7315E-01,.5361E-03
.2240E+04,.7298E-01,.7199E-01,.5251E-03
.2245E+04,.7065E-01,.6971E-01,.5030E-03
.2250E+04,.7180E-01,.7088E-01,.5110E-03
.2255E+04,.6745E-01,.6662E-01,.4731E-03
.2260E+04,.6668E-01,.6589E-01,.4644E-03
.2265E+04,.6795E-01,.6716E-01,.4736E-03
.2270E+04,.6459E-01,.6385E-01,.4438E-03
.2275E+04,.6373E-01,.6302E-01,.4354E-03
.2280E+04,.6610E-01,.6536E-01,.4544E-03
.2285E+04,.6280E-01,.6211E-01,.4254E-03
.2290E+04,.6296E-01,.6227E-01,.4250E-03
.2295E+04,.6100E-01,.6033E-01,.4096E-03
.2300E+04,.5850E-01,.5787E-01,.3874E-03
.2305E+04,.5887E-01,.5824E-01,.3889E-03
.2310E+04,.6374E-01,.6305E-01,.4266E-03
.2315E+04,.5787E-01,.5725E-01,.3791E-03
.2320E+04,.5169E-01,.5115E-01,.3311E-03
.2325E+04,.5608E-01,.5548E-01,.3658E-03
.2330E+04,.5662E-01,.5602E-01,.3665E-03
.2335E+04,.5778E-01,.5717E-01,.3743E-03
.2340E+04,.4558E-01,.4511E-01,.2833E-03
.2345E+04,.5111E-01,.5058E-01,.3215E-03
.2350E+04,.4126E-01,.4084E-01,.2520E-03
.2355E+04,.4720E-01,.4672E-01,.2922E-03
.2360E+04,.5000E-01,.4949E-01,.3109E-03
.2365E+04,.4927E-01,.4877E-01,.3059E-03
.2370E+04,.3046E-01,.3016E-01,.1737E-03
.2375E+04,.4391E-01,.4346E-01,.2650E-03
.2380E+04,.4245E-01,.4203E-01,.2548E-03
.2385E+04,.3070E-01,.3040E-01,.1761E-03
.2390E+04,.3655E-01,.3619E-01,.2134E-03
.2395E+04,.4008E-01,.3969E-01,.2353E-03
.2400E+04,.4368E-01,.4326E-01,.2581E-03
.2405E+04,.3352E-01,.3321E-01,.1917E-03
.2410E+04,.3376E-01,.3345E-01,.1917E-03
.2415E+04,.2727E-01,.2703E-01,.1501E-03
.2420E+04,.2656E-01,.2633E-01,.1460E-03
.2425E+04,.3303E-01,.3275E-01,.1840E-03
.2430E+04,.4452E-01,.4414E-01,.2548E-03
.2435E+04,.1486E-01,.1475E-01,.7561E-04
.2440E+04,.4321E-01,.4288E-01,.2449E-03
.2445E+04,.2078E-01,.2064E-01,.1076E-03
.2450E+04,.1360E-01,.1351E-01,.6684E-04
.2455E+04,.2483E-01,.2468E-01,.1300E-03
.2460E+04,.3334E-01,.3313E-01,.1777E-03
.2465E+04,.2413E-01,.2399E-01,.1227E-03
.2470E+04,.1671E-01,.1663E-01,.8006E-04
.2475E+04,.1644E-01,.1636E-01,.7776E-04
.2480E+04,.8031E-02,.7997E-02,.3553E-04
.2485E+04,.5603E-02,.5583E-02,.2290E-04
.2490E+04,.3506E-02,.3495E-02,.1309E-04
.2495E+04,.2873E-02,.2865E-02,.1068E-04
.2500E+04,.7056E-02,.7032E-02,.2855E-04
.2505E+04,.1517E-02,.1513E-02,.5655E-05
.2510E+04,.2213E-02,.2206E-02,.8358E-05
.2515E+04,.5180E-03,.5166E-03,.1717E-05
.2520E+04,.3697E-03,.3690E-03,.9320E-06
.2525E+04,.4132E-04,.4124E-04,.1047E-06
.2530E+04,.6342E-06,.6341E-06,.6254E-09
.2535E+04,.1746E-06,.1746E-06,.1281E-09
.2540E+04,.3762E-06,.3761E-06,.3229E-09
.2545E+04,.5365E-10,.5366E-10,.1786E-13
.2550E+04,.2823E-12,.2824E-12,.4892E-16
.2555E+04,.1041E-08,.1041E-08,.3569E-12
.2560E+04,.3094E-10,.3094E-10,.1087E-13
.2565E+04,.1592E-13,.1592E-13,.4158E-18
.2570E+04,.1526E-17,.1525E-17,.1181E-22
.2575E+04,.1085E-26,.1083E-26,.6714E-33
.2580E+04,.3832E-21,.3830E-21,.7406E-27
.2585E+04,.1736E-33,.1733E-33,.1369E-40
.2590E+04,.5521E-30,.5511E-30,.8803E-37
.2595E+04,.2295E-32,.2291E-32,.1848E-38
.2600E+04,.4520E-27,.4510E-27,.1470E-33
.2605E+04,.5849E-34,.5836E-34,.1628E-40
.2610E+04,.6001E-33,.5988E-33,.5345E-40
.2615E+04,.1132E-36,.1129E-36,.4204E-44
.2620E+04,.5679E-28,.5667E-28,.5374E-34
.2625E+04,.3899E-27,.3890E-27,.9455E-34
.2630E+04,.2803E-44,.2803E-44,.0000E+00
.2635E+04,.3900E-15,.3895E-15,.5752E-20
.2640E+04,.1175E-15,.1174E-15,.1229E-20
.2645E+04,.9008E-18,.8999E-18,.5284E-23
.2650E+04,.1432E-18,.1431E-18,.5136E-24
.2655E+04,.1322E-26,.1320E-26,.5698E-33
.2660E+04,.2617E-24,.2614E-24,.4315E-30
.2665E+04,.1123E-36,.1122E-36,.1261E-43
.2670E+04,.0000E+00,.0000E+00,.0000E+00
.2675E+04,.0000E+00,.0000E+00,.0000E+00
.2680E+04,.0000E+00,.0000E+00,.0000E+00
.2685E+04,.0000E+00,.0000E+00,.0000E+00
.2690E+04,.1033E-28,.1034E-28,.1238E-35
.2695E+04,.7198E-32,.7212E-32,.1231E-38
.2700E+04,.0000E+00,.0000E+00,.0000E+00
.2705E+04,.2996E-41,.3009E-41,.0000E+00
.2710E+04,.1138E-34,.1144E-34,.9179E-42
.2715E+04,.3887E-25,.3908E-25,.1280E-31
.2720E+04,.5605E-44,.5605E-44,.0000E+00
.2725E+04,.7309E-21,.7370E-21,.3569E-26
.2730E+04,.6093E-18,.6150E-18,.1557E-23
.2735E+04,.5507E-20,.5564E-20,.1500E-25
.2740E+04,.2343E-26,.2368E-26,.3873E-32
.2745E+04,.1323E-22,.1339E-22,.2401E-28
.2750E+04,.1683E-27,.1703E-27,.3998E-34
.2755E+04,.6866E-43,.6866E-43,.0000E+00
.2760E+04,.0000E+00,.0000E+00,.0000E+00
.2765E+04,.2696E-26,.2734E-26,.1885E-32
.2770E+04,.8425E-23,.8546E-23,.1170E-28
.2775E+04,.4076E-37,.4136E-37,.0000E+00
.2780E+04,.4880E-33,.4954E-33,.1243E-40
.2785E+04,.3930E-26,.3991E-26,.1827E-32
.2790E+04,.1220E-15,.1240E-15,.7646E-21
.2795E+04,.3630E-15,.3689E-15,.2075E-20
.2800E+04,.1648E-11,.1675E-11,.5162E-16
.2805E+04,.6745E-13,.6857E-13,.4190E-17
.2810E+04,.4019E-09,.4086E-09,.9153E-13
.2815E+04,.2865E-09,.2913E-09,.8108E-13
.2820E+04,.2052E-10,.2087E-10,.4948E-14
.2825E+04,.1757E-06,.1786E-06,.1219E-09
.2830E+04,.3892E-05,.3954E-05,.4584E-08
.2835E+04,.2125E-09,.2161E-09,.6497E-13
.2840E+04,.1957E-06,.1989E-06,.1813E-09
.2845E+04,.4049E-04,.4112E-04,.7192E-07
.2850E+04,.1153E-05,.1171E-05,.1259E-08
.2855E+04,.4448E-06,.4519E-06,.6776E-09
.2860E+04,.2496E-04,.2535E-04,.4423E-07
.2865E+04,.1648E-03,.1673E-03,.3540E-06
.2870E+04,.6248E-05,.6350E-05,.8863E-08
.2875E+04,.3889E-03,.3947E-03,.9740E-06
.2880E+04,.2445E-03,.2481E-03,.6611E-06
.2885E+04,.4478E-03,.4545E-03,.1143E-05
.2890E+04,.1842E-03,.1869E-03,.5020E-06
.2895E+04,.2646E-02,.2683E-02,.8951E-05
.2900E+04,.8074E-03,.8189E-03,.2505E-05
.2905E+04,.1106E-03,.1122E-03,.2855E-06
.2910E+04,.2716E-02,.2753E-02,.9485E-05
.2915E+04,.1256E-02,.1274E-02,.4007E-05
.2920E+04,.2891E-02,.2930E-02,.1014E-04
.2925E+04,.1082E-02,.1097E-02,.3627E-05
.2930E+04,.5880E-02,.5959E-02,.2234E-04
.2935E+04,.6483E-02,.6570E-02,.2482E-04
.2940E+04,.1625E-02,.1648E-02,.5521E-05
.2945E+04,.1447E-02,.1467E-02,.4757E-05
.2950E+04,.5221E-02,.5291E-02,.1966E-04
.2955E+04,.2332E-02,.2364E-02,.8820E-05
.2960E+04,.4589E-02,.4650E-02,.1759E-04
.2965E+04,.7425E-02,.7522E-02,.3010E-04
.2970E+04,.3517E-03,.3566E-03,.1143E-05
.2975E+04,.8529E-03,.8647E-03,.2904E-05
.2980E+04,.1335E-02,.1354E-02,.4582E-05
.2985E+04,.6952E-02,.7042E-02,.2817E-04
.2990E+04,.1027E-01,.1040E-01,.4405E-04
.2995E+04,.4269E-02,.4326E-02,.1662E-04
.3000E+04,.7838E-02,.7938E-02,.3271E-04
.3005E+04,.2887E-02,.2925E-02,.1101E-04
.3010E+04,.6842E-02,.6929E-02,.2862E-04
.3015E+04,.5549E-02,.5621E-02,.2221E-04
.3020E+04,.6326E-03,.6415E-03,.1964E-05
.3025E+04,.7497E-02,.7592E-02,.3141E-04
.3030E+04,.6070E-02,.6147E-02,.2502E-04
.3035E+04,.2496E-02,.2528E-02,.9574E-05
.3040E+04,.2022E-02,.2048E-02,.7553E-05
.3045E+04,.4205E-02,.4259E-02,.1634E-04
.3050E+04,.1031E-02,.1045E-02,.3672E-05
.3055E+04,.2890E-03,.2930E-03,.8926E-06
.3060E+04,.6296E-02,.6374E-02,.2625E-04
.3065E+04,.2908E-02,.2945E-02,.1107E-04
.3070E+04,.1747E-02,.1770E-02,.6219E-05
.3075E+04,.6017E-02,.6090E-02,.2498E-04
.3080E+04,.3619E-02,.3663E-02,.1455E-04
.3085E+04,.1765E-02,.1787E-02,.6388E-05
.3090E+04,.2378E-02,.2408E-02,.8751E-05
.3095E+04,.6541E-03,.6627E-03,.2133E-05
.3100E+04,.4397E-02,.4450E-02,.1789E-04
.3105E+04,.9203E-03,.9319E-03,.3314E-05
.3110E+04,.8443E-03,.8553E-03,.2763E-05
.3115E+04,.2265E-02,.2293E-02,.8498E-05
.3120E+04,.9812E-02,.9925E-02,.4250E-04
.3125E+04,.3025E-02,.3061E-02,.1240E-04
.3130E+04,.5756E-02,.5821E-02,.2503E-04
.3135E+04,.1143E-01,.1156E-01,.5093E-04
.3140E+04,.3318E-02,.3357E-02,.1344E-04
.3145E+04,.3248E-02,.3285E-02,.1331E-04
.3150E+04,.6658E-02,.6732E-02,.2857E-04
.3155E+04,.5629E-02,.5691E-02,.2419E-04
.3160E+04,.9196E-02,.9295E-02,.4052E-04
.3165E+04,.1395E-01,.1409E-01,.6488E-04
.3170E+04,.1249E-01,.1262E-01,.5784E-04
.3175E+04,.9162E-02,.9258E-02,.4081E-04
.3180E+04,.1060E-01,.1071E-01,.4870E-04
.3185E+04,.7981E-02,.8066E-02,.3417E-04
.3190E+04,.4227E-02,.4272E-02,.1799E-04
.3195E+04,.2656E-02,.2686E-02,.9944E-05
.3200E+04,.4349E-03,.4400E-03,.1385E-05
.3205E+04,.3061E-03,.3098E-03,.9026E-06
.3210E+04,.1342E-03,.1359E-03,.3765E-06
.3215E+04,.4936E-03,.4994E-03,.1566E-05
.3220E+04,.1578E-02,.1595E-02,.5639E-05
.3225E+04,.1978E-03,.2000E-03,.6423E-06
.3230E+04,.3347E-03,.3385E-03,.1081E-05
.3235E+04,.7258E-02,.7329E-02,.3176E-04
.3240E+04,.3671E-02,.3709E-02,.1445E-04
.3245E+04,.7304E-03,.7381E-03,.2727E-05
.3250E+04,.2558E-02,.2584E-02,.1029E-04
.3255E+04,.9890E-02,.9983E-02,.4500E-04
.3260E+04,.1199E-02,.1212E-02,.4412E-05
.3265E+04,.2438E-02,.2462E-02,.9680E-05
.3270E+04,.1196E-02,.1208E-02,.4563E-05
.3275E+04,.5911E-02,.5963E-02,.2842E-04
.3280E+04,.2829E-02,.2856E-02,.1204E-04
.3285E+04,.1111E-01,.1120E-01,.5368E-04
.3290E+04,.8683E-02,.8759E-02,.4076E-04
.3295E+04,.1220E-02,.1232E-02,.4963E-05
.3300E+04,.1765E-02,.1781E-02,.7443E-05
.3305E+04,.3925E-02,.3961E-02,.1712E-04
.3310E+04,.3844E-02,.3879E-02,.1629E-04
.3315E+04,.1328E-04,.1344E-04,.2153E-07
.3320E+04,.5632E-04,.5696E-04,.1426E-06
.3325E+04,.3425E-02,.3457E-02,.1387E-04
.3330E+04,.4636E-02,.4676E-02,.2125E-04
.3335E+04,.8974E-02,.9053E-02,.4167E-04
.3340E+04,.3453E-02,.3484E-02,.1520E-04
.3345E+04,.3489E-02,.3522E-02,.1484E-04
.3350E+04,.8010E-02,.8083E-02,.3749E-04
.3355E+04,.3581E-02,.3617E-02,.1511E-04
.3360E+04,.5210E-02,.5261E-02,.2339E-04
.3365E+04,.7158E-02,.7227E-02,.3348E-04
.3370E+04,.3856E-02,.3896E-02,.1618E-04
.3375E+04,.8429E-02,.8512E-02,.3979E-04
.3380E+04,.4990E-02,.5043E-02,.2158E-04
.3385E+04,.7445E-02,.7521E-02,.3471E-04
.3390E+04,.9731E-02,.9831E-02,.4599E-04
.3395E+04,.9466E-02,.9564E-02,.4511E-04
.3400E+04,.1246E-01,.1259E-01,.6167E-04
.3405E+04,.4355E-02,.4404E-02,.1868E-04
.3410E+04,.7051E-02,.7126E-02,.3314E-04
.3415E+04,.7137E-02,.7215E-02,.3259E-04
.3420E+04,.1313E-01,.1326E-01,.6579E-04
.3425E+04,.9867E-02,.9972E-02,.4723E-04
.3430E+04,.8542E-02,.8634E-02,.4002E-04
.3435E+04,.1152E-01,.1164E-01,.5734E-04
.3440E+04,.7901E-02,.7985E-02,.3678E-04
.3445E+04,.1123E-01,.1134E-01,.5550E-04
.3450E+04,.1106E-01,.1117E-01,.5450E-04
.3455E+04,.8214E-02,.8299E-02,.3911E-04
.3460E+04,.1247E-01,.1259E-01,.6292E-04
.3465E+04,.9700E-02,.9798E-02,.4697E-04
.3470E+04,.1223E-01,.1235E-01,.6184E-04
.3475E+04,.1087E-01,.1097E-01,.5388E-04
.3480E+04,.1113E-01,.1124E-01,.5546E-04
.3485E+04,.1204E-01,.1216E-01,.6087E-04
.3490E+04,.1033E-01,.1043E-01,.5101E-04
.3495E+04,.1221E-01,.1233E-01,.6205E-04
.3500E+04,.1187E-01,.1198E-01,.6014E-04
.3505E+04,.1177E-01,.1188E-01,.5963E-04
.3510E+04,.1191E-01,.1202E-01,.6057E-04
.3515E+04,.1146E-01,.1156E-01,.5806E-04
.3520E+04,.1210E-01,.1220E-01,.6201E-04
.3525E+04,.1139E-01,.1148E-01,.5800E-04
.3530E+04,.1110E-01,.1119E-01,.5636E-04
.3535E+04,.9394E-02,.9469E-02,.4651E-04
.3540E+04,.8963E-02,.9033E-02,.4413E-04
.3545E+04,.9478E-02,.9549E-02,.4706E-04
.3550E+04,.1050E-01,.1058E-01,.5327E-04
.3555E+04,.9027E-02,.9093E-02,.4484E-04
.3560E+04,.1076E-01,.1084E-01,.5495E-04
.3565E+04,.1080E-01,.1088E-01,.5524E-04
.3570E+04,.8323E-02,.8381E-02,.4166E-04
.3575E+04,.8604E-02,.8662E-02,.4322E-04
.3580E+04,.1015E-01,.1021E-01,.5229E-04
.3585E+04,.9121E-02,.9181E-02,.4588E-04
.3590E+04,.9432E-02,.9493E-02,.4805E-04
.3595E+04,.9659E-02,.9720E-02,.4944E-04
.3600E+04,.1025E-01,.1032E-01,.5299E-04
.3605E+04,.1032E-01,.1038E-01,.5322E-04
.3610E+04,.9458E-02,.9517E-02,.4827E-04
.3615E+04,.9481E-02,.9539E-02,.4867E-04
.3620E+04,.1160E-01,.1167E-01,.6088E-04
.3625E+04,.1021E-01,.1027E-01,.5249E-04
.3630E+04,.9949E-02,.1001E-01,.5111E-04
.3635E+04,.1029E-01,.1035E-01,.5303E-04
.3640E+04,.1147E-01,.1153E-01,.5999E-04
.3645E+04,.1056E-01,.1062E-01,.5447E-04
.3650E+04,.1010E-01,.1016E-01,.5191E-04
.3655E+04,.1098E-01,.1104E-01,.5718E-04
.3660E+04,.1090E-01,.1096E-01,.5670E-04
.3665E+04,.1023E-01,.1028E-01,.5257E-04
.3670E+04,.7900E-02,.7946E-02,.3947E-04
.3675E+04,.4824E-02,.4854E-02,.2248E-04
.3680E+04,.8315E-02,.8362E-02,.4159E-04
.3685E+04,.9401E-02,.9453E-02,.4788E-04
.3690E+04,.9660E-02,.9712E-02,.4938E-04
.3695E+04,.1013E-01,.1018E-01,.5228E-04
.3700E+04,.1087E-01,.1093E-01,.5684E-04
.3705E+04,.1076E-01,.1081E-01,.5610E-04
.3710E+04,.9345E-02,.9393E-02,.4781E-04
.3715E+04,.9216E-02,.9262E-02,.4716E-04
.3720E+04,.1037E-01,.1042E-01,.5389E-04
.3725E+04,.1068E-01,.1073E-01,.5571E-04
.3730E+04,.9256E-02,.9301E-02,.4742E-04
.3735E+04,.8571E-02,.8613E-02,.4347E-04
.3740E+04,.8842E-02,.8884E-02,.4512E-04
.3745E+04,.1032E-01,.1037E-01,.5369E-04
.3750E+04,.9278E-02,.9320E-02,.4771E-04
.3755E+04,.8983E-02,.9023E-02,.4601E-04
.3760E+04,.8853E-02,.8893E-02,.4509E-04
.3765E+04,.8540E-02,.8578E-02,.4342E-04
.3770E+04,.9114E-02,.9154E-02,.4682E-04
.3775E+04,.9042E-02,.9080E-02,.4642E-04
.3780E+04,.9564E-02,.9603E-02,.4943E-04
.3785E+04,.8799E-02,.8835E-02,.4489E-04
.3790E+04,.7742E-02,.7775E-02,.3898E-04
.3795E+04,.8853E-02,.8888E-02,.4537E-04
.3800E+04,.9845E-02,.9883E-02,.5116E-04
.3805E+04,.9290E-02,.9325E-02,.4789E-04
.3810E+04,.8230E-02,.8261E-02,.4168E-04
.3815E+04,.7738E-02,.7768E-02,.3898E-04
.3820E+04,.9642E-02,.9676E-02,.5006E-04
.3825E+04,.9487E-02,.9520E-02,.4913E-04
.3830E+04,.9583E-02,.9615E-02,.4975E-04
.3835E+04,.7669E-02,.7696E-02,.3851E-04
.3840E+04,.8956E-02,.8986E-02,.4602E-04
.3845E+04,.8753E-02,.8781E-02,.4480E-04
.3850E+04,.8794E-02,.8823E-02,.4506E-04
.3855E+04,.8480E-02,.8507E-02,.4323E-04
.3860E+04,.7944E-02,.7970E-02,.4005E-04
.3865E+04,.8046E-02,.8072E-02,.4064E-04
.3870E+04,.7292E-02,.7316E-02,.3626E-04
.3875E+04,.6676E-02,.6698E-02,.3267E-04
.3880E+04,.6442E-02,.6463E-02,.3135E-04
.3885E+04,.6687E-02,.6709E-02,.3277E-04
.3890E+04,.6803E-02,.6824E-02,.3341E-04
.3895E+04,.7410E-02,.7433E-02,.3698E-04
.3900E+04,.7882E-02,.7905E-02,.3975E-04
.3905E+04,.7878E-02,.7900E-02,.3972E-04
.3910E+04,.7064E-02,.7085E-02,.3497E-04
.3915E+04,.6913E-02,.6933E-02,.3408E-04
.3920E+04,.6875E-02,.6895E-02,.3390E-04
.3925E+04,.6782E-02,.6801E-02,.3336E-04
.3930E+04,.6983E-02,.7003E-02,.3454E-04
.3935E+04,.7294E-02,.7314E-02,.3635E-04
.3940E+04,.7348E-02,.7368E-02,.3669E-04
.3945E+04,.7494E-02,.7514E-02,.3755E-04
.3950E+04,.7586E-02,.7606E-02,.3814E-04
.3955E+04,.7681E-02,.7700E-02,.3869E-04
.3960E+04,.7713E-02,.7732E-02,.3890E-04
.3965E+04,.7773E-02,.7792E-02,.3924E-04
.3970E+04,.7648E-02,.7667E-02,.3853E-04
.3975E+04,.7473E-02,.7491E-02,.3749E-04
.3980E+04,.7349E-02,.7366E-02,.3679E-04
.3985E+04,.7397E-02,.7414E-02,.3708E-04
.3990E+04,.7336E-02,.7352E-02,.3671E-04
.3995E+04,.7171E-02,.7187E-02,.3578E-04
.4000E+04,.7063E-02,.7078E-02,.3513E-04
